0 0.925537 0.386963 0.017090 0.009277
0 0.896973 0.344238 0.009766 0.017578
0 0.880127 0.377930 0.016113 0.006836
0 0.858398 0.026611 0.005859 0.015137
0 0.819336 0.275879 0.019531 0.007812
0 0.791992 0.289307 0.005859 0.016113
0 0.776855 0.275635 0.017578 0.008301
0 0.735352 0.138428 0.010742 0.015137
0 0.725586 0.084961 0.012695 0.016602
0 0.760498 0.057373 0.007324 0.018066
0 0.632324 0.126221 0.008789 0.016113
0 0.591309 0.215088 0.009766 0.014160
0 0.673340 0.319824 0.012695 0.014648
0 0.645996 0.312256 0.015625 0.008301
0 0.643066 0.281982 0.008789 0.017090
0 0.658203 0.250000 0.017578 0.008789
0 0.642090 0.238037 0.015625 0.011230
0 0.780762 0.372070 0.015625 0.009766
0 0.834229 0.378662 0.016113 0.009277
0 0.847656 0.402100 0.018555 0.008301
0 0.670898 0.074951 0.016602 0.012207
0 0.655762 0.017090 0.015625 0.011719
0 0.698975 0.009033 0.007324 0.017090
0 0.867188 0.465332 0.009766 0.017578
0 0.885254 0.476807 0.015625 0.006348
0 0.901855 0.470947 0.008789 0.015137
0 0.954834 0.523193 0.008301 0.016113
0 0.881592 0.587891 0.015137 0.013672
0 0.718750 0.423584 0.007812 0.016113
0 0.783936 0.506836 0.017090 0.012695
0 0.820801 0.558838 0.016602 0.006348
0 0.836670 0.586426 0.006348 0.016602
0 0.832275 0.610352 0.017090 0.009766
0 0.818848 0.648438 0.016602 0.011719
0 0.864502 0.741211 0.014160 0.012695
0 0.927002 0.759521 0.014160 0.011230
0 0.893555 0.761475 0.007812 0.017090
0 0.869873 0.784668 0.015137 0.006836
0 0.883545 0.777588 0.008301 0.014160
0 0.858643 0.837646 0.012207 0.015137
0 0.809570 0.851562 0.008789 0.014648
0 0.533447 0.061523 0.008301 0.014648
0 0.521973 0.088135 0.012695 0.008301
0 0.534912 0.178223 0.007324 0.017578
0 0.513428 0.165283 0.013184 0.012207
0 0.345215 0.133301 0.016602 0.006836
0 0.332031 0.144043 0.017578 0.007812
0 0.218262 0.079346 0.009766 0.015137
0 0.236816 0.044189 0.006836 0.014160
0 0.420898 0.244141 0.014648 0.013672
0 0.104736 0.008545 0.014160 0.013184
0 0.067627 0.124268 0.009277 0.015137
0 0.132568 0.144531 0.017090 0.007812
0 0.129639 0.184570 0.015137 0.008789
0 0.185059 0.197510 0.011719 0.014160
0 0.190674 0.213135 0.007324 0.016113
0 0.176270 0.271729 0.014648 0.007324
0 0.166016 0.312988 0.013672 0.008789
0 0.270264 0.284668 0.010254 0.015625
0 0.285645 0.215088 0.006836 0.013184
0 0.296143 0.310791 0.006348 0.017090
0 0.343506 0.332031 0.019043 0.007812
0 0.399902 0.282959 0.011719 0.014160
0 0.437256 0.344482 0.018066 0.007324
0 0.475098 0.371338 0.008789 0.017090
0 0.476562 0.240723 0.018555 0.008789
0 0.477783 0.273926 0.009277 0.017578
0 0.045654 0.208496 0.007324 0.016602
0 0.066162 0.225342 0.008301 0.016113
0 0.094971 0.364990 0.017090 0.008301
0 0.043701 0.364990 0.008301 0.014160
0 0.038818 0.426270 0.013184 0.011719
0 0.052734 0.481445 0.014648 0.008789
0 0.108398 0.540039 0.008789 0.017578
0 0.166992 0.534424 0.012695 0.013184
0 0.169678 0.453369 0.007324 0.016113
0 0.168701 0.362061 0.007324 0.018066
0 0.180176 0.358643 0.011719 0.013184
0 0.283691 0.441895 0.017578 0.006836
0 0.305420 0.437012 0.013184 0.014648
0 0.315430 0.419922 0.013672 0.011719
0 0.316895 0.469727 0.009766 0.015625
0 0.262939 0.489258 0.007324 0.018555
0 0.246582 0.480225 0.015625 0.007324
0 0.209961 0.467041 0.014648 0.006348
0 0.239746 0.539307 0.014648 0.008301
0 0.170898 0.587646 0.015625 0.011230
0 0.078125 0.654297 0.016602 0.007812
0 0.088135 0.680908 0.014160 0.011230
0 0.073242 0.718750 0.006836 0.016602
0 0.146729 0.669434 0.021973 0.011719
0 0.181396 0.648682 0.019043 0.009277
0 0.225098 0.604248 0.012695 0.012207
0 0.246582 0.595215 0.013672 0.013672
0 0.236084 0.636230 0.010254 0.011719
0 0.312744 0.581299 0.018066 0.007324
0 0.317383 0.523926 0.007812 0.015625
0 0.427490 0.431885 0.006348 0.018066
0 0.428223 0.467773 0.007812 0.015625
0 0.455811 0.453125 0.014160 0.011719
0 0.361816 0.373779 0.018555 0.007324
0 0.388428 0.362793 0.015137 0.009766
0 0.392578 0.341064 0.015625 0.010254
0 0.373291 0.326660 0.006348 0.017578
0 0.387939 0.452393 0.019043 0.010254
0 0.407227 0.539795 0.016602 0.011230
0 0.397461 0.592041 0.017578 0.009277
0 0.376465 0.606201 0.013672 0.008301
0 0.343506 0.585449 0.007324 0.016602
0 0.338379 0.512695 0.011719 0.013672
0 0.362793 0.487061 0.017578 0.010254
0 0.305908 0.634277 0.016113 0.007812
0 0.321289 0.695068 0.014648 0.010254
0 0.305908 0.727295 0.007324 0.018066
0 0.294189 0.733643 0.015137 0.011230
0 0.308594 0.815430 0.009766 0.014648
0 0.317139 0.767090 0.018066 0.007812
0 0.343506 0.754639 0.013184 0.012207
0 0.360107 0.768311 0.009277 0.015137
0 0.408447 0.660156 0.007324 0.018555
0 0.401123 0.687256 0.011230 0.017090
0 0.405518 0.707275 0.015137 0.012207
0 0.021484 0.583984 0.016602 0.006836
0 0.032959 0.876465 0.006348 0.017578
0 0.092529 0.889160 0.014160 0.010742
0 0.167725 0.781494 0.010254 0.015137
0 0.242432 0.710449 0.008301 0.014648
0 0.183105 0.879395 0.006836 0.014648
0 0.199951 0.831299 0.010254 0.013184
0 0.242676 0.821533 0.015625 0.012207
0 0.241943 0.880371 0.016113 0.008789
0 0.185059 0.910889 0.012695 0.011230
0 0.259277 0.926758 0.012695 0.012695
0 0.328125 0.911133 0.013672 0.012695
0 0.336182 0.929932 0.012207 0.013184
0 0.356445 0.903076 0.008789 0.014160
0 0.328125 0.826660 0.011719 0.013672
0 0.389648 0.726562 0.010742 0.016602
0 0.384521 0.537842 0.014160 0.014160
0 0.510498 0.353271 0.018066 0.007324
0 0.516846 0.394287 0.016113 0.006348
0 0.489746 0.389404 0.012695 0.013184
0 0.500488 0.427490 0.014648 0.010254
0 0.542725 0.434814 0.018066 0.011230
0 0.627930 0.424561 0.016602 0.009277
0 0.516846 0.588135 0.017090 0.009277
0 0.447021 0.694336 0.016113 0.006836
0 0.454346 0.663330 0.008301 0.015137
0 0.445312 0.740967 0.006836 0.016113
0 0.475830 0.761963 0.015137 0.009277
0 0.473145 0.790771 0.010742 0.016113
0 0.485840 0.798828 0.017578 0.006836
0 0.520752 0.787354 0.017090 0.006348
0 0.604248 0.571289 0.014160 0.013672
0 0.560547 0.607910 0.008789 0.016602
0 0.586426 0.656738 0.015625 0.006836
0 0.582031 0.615234 0.012695 0.013672
0 0.604492 0.647461 0.019531 0.006836
0 0.605469 0.664795 0.014648 0.011230
0 0.595215 0.711670 0.008789 0.015137
0 0.570068 0.716064 0.009277 0.016113
0 0.556885 0.751709 0.018066 0.008301
0 0.572021 0.765381 0.009277 0.018066
0 0.583252 0.754639 0.007324 0.018066
0 0.581787 0.795898 0.010254 0.014648
0 0.566895 0.850586 0.011719 0.013672
0 0.582275 0.840088 0.017090 0.010254
0 0.586426 0.873779 0.012695 0.013184
0 0.394287 0.888428 0.016113 0.007324
0 0.414551 0.959961 0.013672 0.010742
0 0.376709 0.956055 0.015137 0.007812
0 0.431641 0.971924 0.017578 0.007324
0 0.462158 0.973389 0.015137 0.008301
0 0.490967 0.923828 0.015137 0.011719
0 0.677002 0.639648 0.016113 0.013672
0 0.675537 0.621094 0.015137 0.011719
0 0.742920 0.551270 0.009277 0.016602
0 0.729248 0.573975 0.008301 0.017090
0 0.761719 0.615234 0.006836 0.020508
0 0.757568 0.637207 0.011230 0.014648
0 0.774658 0.635498 0.016113 0.010254
0 0.726562 0.837402 0.008789 0.015625
0 0.655762 0.890625 0.009766 0.016602
0 0.634766 0.834961 0.007812 0.012695
0 0.648438 0.686523 0.008789 0.015625
0 0.766113 0.670166 0.014648 0.013184
0 0.751709 0.665771 0.010254 0.013184
0 0.704590 0.679199 0.013672 0.009766
0 0.719971 0.684570 0.015137 0.005859
0 0.761475 0.763184 0.010254 0.016602
0 0.689453 0.979736 0.008789 0.012207
0 0.688477 0.919189 0.011719 0.012207
0 0.732422 0.948730 0.013672 0.022461
0 0.759766 0.830811 0.008789 0.017090
0 0.772217 0.830566 0.016113 0.013672
0 0.803955 0.721191 0.016113 0.010742
0 0.819092 0.739014 0.015137 0.011230
0 0.589844 0.993408 0.016602 0.008301
0 0.792480 0.979980 0.008789 0.015625
0 0.796387 0.958740 0.012695 0.015137
0 0.874268 0.222412 0.008301 0.018066
0 0.838623 0.159912 0.017090 0.006348
0 0.849365 0.529541 0.017090 0.008301
0 0.807617 0.283447 0.012695 0.014160
0 0.739502 0.301758 0.018066 0.008789
0 0.872314 0.434570 0.009277 0.016602
0 0.768799 0.585938 0.007324 0.016602
0 0.717773 0.491943 0.012695 0.014160
0 0.728271 0.434326 0.017090 0.007324
0 0.732178 0.537109 0.008301 0.019531
0 0.593018 0.300537 0.007324 0.017090
0 0.597656 0.415771 0.006836 0.020020
0 0.611816 0.448486 0.011719 0.017090
0 0.597168 0.602539 0.011719 0.015625
0 0.447998 0.165039 0.010254 0.015625
0 0.426025 0.054199 0.015137 0.009766
0 0.483643 0.066162 0.009277 0.018066
0 0.545654 0.632324 0.012207 0.012695
0 0.553711 0.639893 0.011719 0.015137
0 0.412598 0.096924 0.012695 0.014160
0 0.428711 0.302002 0.017578 0.007324
0 0.375977 0.289551 0.014648 0.010742
0 0.398926 0.389893 0.006836 0.017090
0 0.402344 0.638184 0.015625 0.009766
0 0.289551 0.620117 0.018555 0.009766
0 0.353271 0.525879 0.010254 0.015625
0 0.342773 0.495117 0.018555 0.010742
0 0.238525 0.376465 0.009277 0.016602
0 0.196045 0.434082 0.008301 0.015625
0 0.261230 0.421631 0.010742 0.016113
0 0.265625 0.505615 0.013672 0.010254
0 0.125977 0.043457 0.007812 0.017578
0 0.233398 0.473633 0.015625 0.007812
0 0.234863 0.508057 0.011719 0.011230
0 0.265625 0.644287 0.010742 0.011230
0 0.161133 0.551025 0.007812 0.016113
0 0.010742 0.205811 0.013672 0.011230
0 0.086670 0.389893 0.013184 0.005371
0 0.152344 0.950439 0.006836 0.017090
0 0.162354 0.954590 0.017090 0.006836
0 0.203369 0.975098 0.005371 0.019531
0 0.217529 0.967285 0.012207 0.012695
0 0.235596 0.988525 0.019043 0.008301
0 0.291016 0.991699 0.015625 0.011719
0 0.298096 0.982910 0.015137 0.007812
0 0.313232 0.982178 0.007324 0.017090
0 0.391357 0.703613 0.012207 0.012695
0 0.433350 0.882812 0.010254 0.016602
0 0.446777 0.651611 0.012695 0.012207
0 0.488525 0.684326 0.006348 0.016113
0 0.529297 0.826172 0.014648 0.012695
0 0.498779 0.821289 0.007324 0.017578
0 0.548096 0.946777 0.008301 0.017578
0 0.584717 0.944336 0.018066 0.006836
0 0.616211 0.983398 0.007812 0.017578
0 0.704102 0.925293 0.015625 0.010742
0 0.724121 0.667969 0.013672 0.012695
0 0.335938 0.457031 0.007812 0.016602
0 0.344727 0.481445 0.014648 0.009766
0 0.438232 0.368408 0.013184 0.013184
0 0.656006 0.770752 0.015137 0.010254
0 0.786621 0.855957 0.015625 0.009766
0 0.905273 0.898682 0.013672 0.011230
0 0.969971 0.841064 0.010254 0.015137
0 0.557617 0.548096 0.011719 0.012207
