0 0.866943 0.042480 0.016113 0.006836
0 0.818115 0.066162 0.007324 0.018066
0 0.787109 0.053711 0.013672 0.007812
0 0.807861 0.156494 0.015137 0.010254
0 0.796631 0.200439 0.015137 0.012207
0 0.866211 0.243164 0.009766 0.015625
0 0.981934 0.223389 0.010742 0.014160
0 0.845947 0.389160 0.015137 0.007812
0 0.767334 0.318359 0.009277 0.017578
0 0.720947 0.324707 0.016113 0.010742
0 0.687500 0.401123 0.016602 0.008301
0 0.657959 0.327881 0.017090 0.013184
0 0.636475 0.325684 0.015137 0.009766
0 0.621582 0.231445 0.017578 0.008789
0 0.692139 0.192627 0.008301 0.018066
0 0.695557 0.153320 0.010254 0.015625
0 0.653320 0.166992 0.017578 0.006836
0 0.662842 0.157227 0.016113 0.010742
0 0.661133 0.076660 0.015625 0.007812
0 0.639160 0.052246 0.016602 0.009766
0 0.558350 0.015137 0.017090 0.007812
0 0.525879 0.143799 0.008789 0.017090
0 0.524902 0.157959 0.016602 0.006348
0 0.444092 0.012695 0.007324 0.015625
0 0.411621 0.136719 0.010742 0.012695
0 0.415771 0.203857 0.008301 0.018066
0 0.537842 0.291504 0.008301 0.012695
0 0.485596 0.270020 0.008301 0.015625
0 0.455566 0.362061 0.011719 0.012207
0 0.384766 0.350830 0.016602 0.012207
0 0.393066 0.106445 0.007812 0.018555
0 0.381348 0.104248 0.008789 0.013184
0 0.353760 0.051270 0.019043 0.007812
0 0.348633 0.028076 0.018555 0.007324
0 0.292725 0.020752 0.016113 0.006348
0 0.300537 0.065918 0.007324 0.014648
0 0.317139 0.141602 0.012207 0.011719
0 0.284912 0.156738 0.011230 0.016602
0 0.354736 0.196533 0.013184 0.011230
0 0.533936 0.433594 0.007324 0.017578
0 0.526123 0.466064 0.008301 0.017090
0 0.259033 0.185547 0.012207 0.013672
0 0.249023 0.229736 0.006836 0.015137
0 0.228516 0.043945 0.010742 0.010742
0 0.211670 0.201172 0.011230 0.015625
0 0.189697 0.188965 0.017090 0.007812
0 0.139160 0.138428 0.016602 0.007324
0 0.104492 0.142090 0.015625 0.006836
0 0.132324 0.111084 0.017578 0.006348
0 0.118408 0.098877 0.013184 0.014160
0 0.046631 0.038330 0.015137 0.011230
0 0.081299 0.180420 0.016113 0.007324
0 0.091309 0.248291 0.013672 0.012207
0 0.118408 0.281250 0.006348 0.019531
0 0.031494 0.168701 0.011230 0.014160
0 0.055420 0.263672 0.006348 0.018555
0 0.073242 0.371338 0.015625 0.009277
0 0.141357 0.407715 0.017090 0.008789
0 0.191162 0.376465 0.013184 0.015625
0 0.182861 0.474854 0.016113 0.010254
0 0.341064 0.380371 0.008301 0.017578
0 0.308838 0.356689 0.014160 0.012207
0 0.266846 0.424561 0.011230 0.016113
0 0.265137 0.499756 0.011719 0.017090
0 0.276367 0.560303 0.018555 0.008301
0 0.248291 0.562500 0.008301 0.018555
0 0.201172 0.563232 0.012695 0.010254
0 0.220215 0.567383 0.011719 0.013672
0 0.170410 0.626221 0.009766 0.017090
0 0.158447 0.526855 0.015137 0.012695
0 0.984131 0.583252 0.013184 0.014160
0 0.967041 0.602295 0.008301 0.014160
0 0.929688 0.597412 0.011719 0.009277
0 0.898438 0.613281 0.016602 0.006836
0 0.923828 0.619141 0.008789 0.013672
0 0.878906 0.558594 0.008789 0.015625
0 0.894287 0.539795 0.008301 0.018066
0 0.880615 0.484863 0.009277 0.016602
0 0.975342 0.518066 0.014160 0.012695
0 0.947021 0.798584 0.014160 0.012207
0 0.923096 0.778809 0.007324 0.019531
0 0.894531 0.740479 0.010742 0.016113
0 0.889404 0.688232 0.012207 0.015137
0 0.859619 0.699707 0.009277 0.016602
0 0.854492 0.653809 0.012695 0.014648
0 0.819824 0.574707 0.009766 0.014648
0 0.822754 0.506104 0.017578 0.007324
0 0.838867 0.522461 0.020508 0.008789
0 0.837158 0.607910 0.021973 0.008789
0 0.818848 0.755127 0.016602 0.008301
0 0.814941 0.709473 0.012695 0.014648
0 0.790771 0.739502 0.020020 0.010254
0 0.775391 0.485596 0.006836 0.016113
0 0.764893 0.545410 0.018066 0.006836
0 0.730713 0.520264 0.017090 0.009277
0 0.721436 0.655518 0.009277 0.016113
0 0.708740 0.692871 0.008301 0.019531
0 0.693359 0.674561 0.017578 0.008301
0 0.685303 0.613281 0.014160 0.012695
0 0.582031 0.461426 0.011719 0.010742
0 0.617920 0.487549 0.011230 0.015137
0 0.647705 0.483398 0.014160 0.011719
0 0.626221 0.695801 0.013184 0.013672
0 0.608398 0.685303 0.009766 0.015137
0 0.593994 0.653076 0.019043 0.008301
0 0.559570 0.640625 0.016602 0.007812
0 0.552979 0.602539 0.009277 0.013672
0 0.596191 0.553711 0.006836 0.019531
0 0.532471 0.668457 0.013184 0.014648
0 0.517578 0.770752 0.014648 0.009277
0 0.537109 0.798096 0.007812 0.019043
0 0.542725 0.818604 0.016113 0.009277
0 0.560547 0.828857 0.012695 0.012207
0 0.568604 0.871094 0.013184 0.009766
0 0.520508 0.852539 0.017578 0.006836
0 0.495850 0.670166 0.013184 0.013184
0 0.487061 0.587402 0.016113 0.009766
0 0.505371 0.504639 0.016602 0.010254
0 0.485840 0.498779 0.017578 0.008301
0 0.444092 0.496582 0.017090 0.010742
0 0.459473 0.541260 0.008789 0.017090
0 0.450684 0.569336 0.010742 0.018555
0 0.435547 0.544189 0.017578 0.010254
0 0.423584 0.586914 0.016113 0.010742
0 0.403076 0.513184 0.012207 0.016602
0 0.388428 0.515625 0.012207 0.013672
0 0.392578 0.557129 0.011719 0.015625
0 0.405762 0.583984 0.012695 0.010742
0 0.377930 0.624512 0.007812 0.016602
0 0.371582 0.643799 0.011719 0.015137
0 0.429443 0.705811 0.013184 0.011230
0 0.418945 0.737549 0.012695 0.016113
0 0.391846 0.748779 0.015137 0.010254
0 0.304932 0.618896 0.015137 0.013184
0 0.254883 0.650635 0.011719 0.013184
0 0.278076 0.675049 0.016113 0.008301
0 0.148438 0.697754 0.017578 0.015625
0 0.107666 0.706299 0.016113 0.010254
0 0.083740 0.673340 0.016113 0.008789
0 0.064697 0.620361 0.014160 0.009277
0 0.029297 0.545654 0.012695 0.013184
0 0.014160 0.655762 0.013672 0.014648
0 0.041260 0.774902 0.012207 0.012695
0 0.121338 0.800537 0.012207 0.010254
0 0.125488 0.866211 0.014648 0.011719
0 0.122070 0.888672 0.010742 0.016602
0 0.085938 0.915039 0.016602 0.007812
0 0.142822 0.958984 0.015137 0.011719
0 0.167969 0.897949 0.017578 0.006836
0 0.207520 0.980713 0.013672 0.011230
0 0.195068 0.771973 0.007324 0.017578
0 0.179932 0.662842 0.010254 0.017090
0 0.215820 0.692871 0.016602 0.007812
0 0.230225 0.700684 0.017090 0.009766
0 0.273438 0.762939 0.015625 0.008301
0 0.285400 0.778076 0.018066 0.009277
0 0.277832 0.802734 0.016602 0.010742
0 0.294678 0.804199 0.010254 0.016602
0 0.296875 0.847412 0.017578 0.009277
0 0.261230 0.895508 0.011719 0.014648
0 0.256592 0.841309 0.010254 0.015625
0 0.241699 0.895752 0.017578 0.008301
0 0.263428 0.941650 0.016113 0.008301
0 0.318115 0.979492 0.014160 0.012695
0 0.338867 0.993896 0.020508 0.007324
0 0.331787 0.921875 0.017090 0.007812
0 0.380127 0.956299 0.012207 0.015137
0 0.323730 0.792725 0.013672 0.014160
0 0.343506 0.772217 0.011230 0.017090
0 0.346436 0.746582 0.010254 0.015625
0 0.345215 0.647461 0.016602 0.012695
0 0.320068 0.661377 0.016113 0.013184
0 0.308105 0.666504 0.015625 0.011719
0 0.344727 0.681152 0.016602 0.008789
0 0.362061 0.677246 0.015137 0.009766
0 0.376953 0.689697 0.013672 0.018066
0 0.376221 0.715332 0.007324 0.017578
0 0.357178 0.693115 0.019043 0.013184
0 0.357910 0.702148 0.018555 0.008789
0 0.365479 0.731934 0.007324 0.018555
0 0.388916 0.768311 0.013184 0.017090
0 0.385498 0.786865 0.014160 0.010254
0 0.379150 0.831299 0.012207 0.007324
0 0.348633 0.793457 0.022461 0.007812
0 0.408936 0.864746 0.014160 0.006836
0 0.400391 0.934326 0.015625 0.010254
0 0.277344 0.711182 0.015625 0.012207
0 0.252441 0.727539 0.019531 0.008789
0 0.448486 0.974365 0.012207 0.015137
0 0.438477 0.917969 0.016602 0.005859
0 0.462891 0.883301 0.010742 0.010742
0 0.500000 0.890625 0.017578 0.009766
0 0.596436 0.924561 0.006348 0.017090
0 0.574951 0.956543 0.013184 0.010742
0 0.625977 0.877930 0.013672 0.013672
0 0.616455 0.858643 0.008301 0.016113
0 0.669434 0.876709 0.007812 0.018066
0 0.682373 0.783447 0.017090 0.009277
0 0.682373 0.914307 0.014160 0.017090
0 0.715820 0.822510 0.014648 0.011230
0 0.708984 0.904785 0.008789 0.016602
0 0.737061 0.920654 0.011230 0.015137
0 0.730957 0.937500 0.008789 0.016602
0 0.736816 0.968506 0.012695 0.009277
0 0.758301 0.963867 0.016602 0.006836
0 0.765625 0.942871 0.007812 0.018555
0 0.739014 0.872803 0.008301 0.017090
0 0.749512 0.878174 0.015625 0.015137
0 0.762451 0.881836 0.012207 0.014648
0 0.774658 0.862793 0.018066 0.007812
0 0.776611 0.880127 0.008301 0.016113
0 0.823242 0.867188 0.008789 0.016602
0 0.821045 0.831543 0.018066 0.006836
0 0.764160 0.792480 0.008789 0.018555
0 0.733643 0.772217 0.015137 0.011230
0 0.735840 0.755859 0.016602 0.012695
0 0.750977 0.792480 0.015625 0.014648
0 0.826172 0.959229 0.013672 0.014160
0 0.850342 0.992188 0.018066 0.008789
0 0.825439 0.904053 0.013184 0.015137
0 0.831543 0.932617 0.010742 0.014648
0 0.889893 0.955811 0.008301 0.016113
0 0.844238 0.798828 0.016602 0.009766
0 0.868408 0.802246 0.010254 0.013672
0 0.515137 0.321289 0.006836 0.018555
0 0.403809 0.167725 0.018555 0.007324
0 0.393311 0.143066 0.014160 0.013672
0 0.447754 0.293701 0.011719 0.014160
0 0.421631 0.325684 0.014160 0.014648
0 0.390625 0.156250 0.017578 0.008789
0 0.135498 0.034912 0.017090 0.011230
0 0.086426 0.269775 0.007812 0.020020
0 0.018555 0.301270 0.016602 0.009766
0 0.028564 0.413574 0.017090 0.009766
0 0.025879 0.430420 0.017578 0.006348
0 0.045410 0.425293 0.010742 0.016602
0 0.066895 0.494629 0.008789 0.015625
0 0.008789 0.853027 0.017578 0.008789
0 0.172119 0.771973 0.016113 0.010742
0 0.178223 0.907471 0.012695 0.007324
0 0.315186 0.861328 0.017090 0.009766
0 0.343750 0.944580 0.019531 0.008301
0 0.441406 0.873047 0.016602 0.011719
0 0.566406 0.805664 0.007812 0.018555
0 0.572754 0.892578 0.010742 0.017578
0 0.494141 0.910156 0.014648 0.014648
0 0.859619 0.804688 0.007324 0.018555
0 0.896973 0.948730 0.009766 0.014648
0 0.962158 0.780518 0.019043 0.009277
0 0.392334 0.602539 0.008301 0.017578
0 0.462402 0.610352 0.017578 0.006836
