0 0.978027 0.146973 0.010742 0.015625
0 0.863525 0.167480 0.008301 0.013672
0 0.804443 0.082275 0.015137 0.011230
0 0.794922 0.125000 0.013672 0.010742
0 0.762207 0.225098 0.008789 0.017578
0 0.844238 0.312500 0.015625 0.007812
0 0.880127 0.396729 0.008301 0.015137
0 0.981445 0.436523 0.014648 0.012695
0 0.891602 0.456543 0.009766 0.016602
0 0.902100 0.502930 0.012207 0.010742
0 0.833252 0.444092 0.017090 0.007324
0 0.822021 0.429443 0.019043 0.007324
0 0.776855 0.427246 0.011719 0.014648
0 0.723877 0.241455 0.015137 0.009277
0 0.698975 0.308350 0.012207 0.015137
0 0.690918 0.127686 0.007812 0.019043
0 0.694092 0.080078 0.008301 0.016602
0 0.670410 0.088379 0.013672 0.012695
0 0.642578 0.100586 0.013672 0.012695
0 0.627441 0.155029 0.016602 0.008301
0 0.661865 0.246582 0.009277 0.017578
0 0.646729 0.257568 0.014160 0.011230
0 0.656250 0.403320 0.016602 0.006836
0 0.629883 0.403809 0.017578 0.007812
0 0.646240 0.419189 0.012207 0.015137
0 0.603516 0.448242 0.008789 0.016602
0 0.538086 0.214600 0.011719 0.010254
0 0.485840 0.203857 0.007812 0.018066
0 0.524170 0.056641 0.007324 0.015625
0 0.512695 0.083740 0.014648 0.009277
0 0.421631 0.052979 0.015137 0.008301
0 0.408936 0.120117 0.012207 0.013672
0 0.392822 0.035156 0.006348 0.017578
0 0.353760 0.125000 0.010254 0.015625
0 0.383545 0.040771 0.010254 0.014160
0 0.314209 0.063477 0.012207 0.014648
0 0.283447 0.090820 0.007324 0.018555
0 0.290039 0.011475 0.010742 0.013184
0 0.248291 0.115967 0.017090 0.008301
0 0.245605 0.128662 0.010742 0.013184
0 0.234863 0.169189 0.013672 0.012207
0 0.438232 0.210938 0.011230 0.015625
0 0.373047 0.278320 0.015625 0.007812
0 0.338135 0.288330 0.007324 0.016113
0 0.317871 0.291016 0.013672 0.012695
0 0.456299 0.300537 0.008301 0.017090
0 0.425537 0.304932 0.009277 0.015137
0 0.529785 0.338135 0.007812 0.017090
0 0.525391 0.367188 0.007812 0.017578
0 0.277588 0.353760 0.017090 0.008301
0 0.186279 0.314453 0.007324 0.016602
0 0.203613 0.137207 0.012695 0.011719
0 0.174561 0.118164 0.018066 0.006836
0 0.125244 0.034180 0.017090 0.016602
0 0.106201 0.013916 0.016113 0.011230
0 0.126953 0.069824 0.018555 0.012695
0 0.089844 0.071045 0.016602 0.008301
0 0.078613 0.105225 0.016602 0.008301
0 0.096924 0.161133 0.010254 0.016602
0 0.088379 0.182861 0.009766 0.015137
0 0.052246 0.182373 0.007812 0.015137
0 0.119141 0.199707 0.009766 0.015625
0 0.043701 0.354736 0.007324 0.018066
0 0.025146 0.340088 0.014160 0.014160
0 0.010986 0.362061 0.015137 0.011230
0 0.066895 0.406982 0.007812 0.015137
0 0.028809 0.481445 0.008789 0.013672
0 0.063721 0.544434 0.007324 0.014648
0 0.069092 0.594238 0.015137 0.010742
0 0.087402 0.635010 0.017578 0.007324
0 0.010254 0.566895 0.010742 0.014648
0 0.045166 0.712891 0.008301 0.015625
0 0.116211 0.719971 0.010742 0.013184
0 0.135742 0.618408 0.017578 0.009277
0 0.169189 0.534424 0.008301 0.017090
0 0.158203 0.446289 0.008789 0.016602
0 0.185303 0.481689 0.015137 0.010254
0 0.209717 0.493652 0.017090 0.006836
0 0.245850 0.504395 0.008301 0.016602
0 0.179688 0.385986 0.008789 0.018066
0 0.265625 0.425537 0.007812 0.017090
0 0.281738 0.486328 0.016602 0.007812
0 0.267578 0.588135 0.007812 0.017090
0 0.255127 0.590820 0.007324 0.015625
0 0.264893 0.629883 0.016113 0.008789
0 0.254150 0.651123 0.012207 0.011230
0 0.220459 0.645996 0.008301 0.018555
0 0.214844 0.614014 0.018555 0.010254
0 0.187256 0.604980 0.012207 0.013672
0 0.468994 0.443359 0.011230 0.014648
0 0.452637 0.411133 0.008789 0.012695
0 0.401855 0.406250 0.010742 0.011719
0 0.397949 0.449707 0.016602 0.011719
0 0.391602 0.472412 0.007812 0.015137
0 0.386475 0.499512 0.013184 0.011719
0 0.413574 0.510010 0.014648 0.011230
0 0.399658 0.537354 0.011230 0.012207
0 0.377197 0.519043 0.007324 0.018555
0 0.358887 0.572510 0.013672 0.010254
0 0.337158 0.574219 0.014160 0.013672
0 0.026855 0.096924 0.014648 0.011230
0 0.110596 0.797119 0.016113 0.009277
0 0.111816 0.822510 0.012695 0.014160
0 0.082764 0.845215 0.013184 0.013672
0 0.137939 0.888916 0.016113 0.012207
0 0.168457 0.821777 0.012695 0.013672
0 0.225098 0.814209 0.015625 0.008301
0 0.247803 0.778809 0.014160 0.012695
0 0.266846 0.816406 0.007324 0.018555
0 0.250000 0.831543 0.013672 0.015625
0 0.195801 0.911621 0.014648 0.011719
0 0.194824 0.961670 0.010742 0.015137
0 0.270508 0.703857 0.014648 0.009277
0 0.264160 0.678223 0.008789 0.015625
0 0.283936 0.723145 0.017090 0.008789
0 0.282715 0.765137 0.013672 0.014648
0 0.272949 0.865723 0.015625 0.008789
0 0.299805 0.989014 0.009766 0.013184
0 0.342285 0.940430 0.018555 0.007812
0 0.364258 0.970459 0.013672 0.012207
0 0.333740 0.921143 0.018066 0.007324
0 0.330078 0.847168 0.017578 0.006836
0 0.326904 0.870117 0.018066 0.008789
0 0.327637 0.709473 0.007812 0.015625
0 0.349609 0.723145 0.011719 0.017578
0 0.371338 0.738525 0.009277 0.017090
0 0.378906 0.757080 0.011719 0.012207
0 0.345459 0.687500 0.010254 0.016602
0 0.344482 0.669434 0.013184 0.012695
0 0.307129 0.590088 0.015625 0.012207
0 0.377197 0.617676 0.017090 0.006836
0 0.363281 0.639404 0.017578 0.008301
0 0.375732 0.653809 0.015137 0.013672
0 0.386475 0.691895 0.015137 0.016602
0 0.390381 0.708740 0.017090 0.009277
0 0.419678 0.653320 0.009277 0.013672
0 0.429443 0.616943 0.009277 0.017090
0 0.403564 0.781738 0.009277 0.012695
0 0.460693 0.809082 0.013184 0.006836
0 0.410889 0.842285 0.010254 0.014648
0 0.387939 0.870850 0.014160 0.014160
0 0.454102 0.906982 0.015625 0.012207
0 0.453125 0.507324 0.014648 0.012695
0 0.471924 0.502686 0.016113 0.009277
0 0.474121 0.535889 0.014648 0.008301
0 0.446533 0.526855 0.016113 0.008789
0 0.483398 0.607666 0.011719 0.015137
0 0.539795 0.522461 0.014160 0.006836
0 0.544434 0.557861 0.017578 0.008301
0 0.531494 0.588867 0.014160 0.012695
0 0.531250 0.601074 0.016602 0.006836
0 0.532959 0.730469 0.012207 0.016602
0 0.524902 0.698486 0.015625 0.010254
0 0.531982 0.779297 0.015137 0.009766
0 0.478271 0.845703 0.015137 0.011719
0 0.490723 0.819336 0.014648 0.009766
0 0.585938 0.914307 0.016602 0.010254
0 0.548584 0.948242 0.014160 0.012695
0 0.493896 0.959473 0.006348 0.016602
0 0.479248 0.937012 0.015137 0.010742
0 0.514160 0.990723 0.016602 0.008789
0 0.598877 0.964600 0.009277 0.016113
0 0.607178 0.934326 0.015137 0.008301
0 0.597168 0.855957 0.007812 0.016602
0 0.606201 0.819092 0.008301 0.012207
0 0.580811 0.820557 0.017090 0.010254
0 0.569824 0.803955 0.010742 0.011230
0 0.555664 0.771973 0.007812 0.018555
0 0.555176 0.744629 0.016602 0.008789
0 0.563232 0.719482 0.008301 0.017090
0 0.616943 0.611084 0.015137 0.012207
0 0.694092 0.516846 0.007324 0.017090
0 0.741455 0.436768 0.015137 0.012207
0 0.720703 0.578125 0.007812 0.015625
0 0.707031 0.593994 0.017578 0.008301
0 0.712402 0.618896 0.013672 0.014160
0 0.698242 0.717285 0.012695 0.012695
0 0.708496 0.751221 0.009766 0.016113
0 0.667480 0.817139 0.010742 0.017090
0 0.645264 0.771973 0.017090 0.007812
0 0.620117 0.787842 0.009766 0.016113
0 0.604736 0.766846 0.009277 0.016113
0 0.602295 0.990234 0.017090 0.008789
0 0.636475 0.985107 0.006348 0.017090
0 0.731201 0.961426 0.009277 0.016602
0 0.690674 0.821289 0.013184 0.012695
0 0.706543 0.817383 0.010742 0.013672
0 0.732666 0.852539 0.007324 0.016602
0 0.731201 0.830811 0.012207 0.012207
0 0.734863 0.803223 0.007812 0.015625
0 0.754883 0.796143 0.008789 0.015137
0 0.761475 0.851318 0.008301 0.017090
0 0.764404 0.795898 0.008301 0.016602
0 0.773438 0.800049 0.006836 0.018066
0 0.789551 0.795166 0.019531 0.008301
0 0.727539 0.709473 0.007812 0.016602
0 0.735352 0.686523 0.008789 0.017578
0 0.763428 0.699951 0.008301 0.017090
0 0.808350 0.634521 0.014160 0.010254
0 0.813721 0.508789 0.009277 0.013672
0 0.837402 0.532471 0.016602 0.011230
0 0.861328 0.581787 0.013672 0.012207
0 0.898926 0.653809 0.008789 0.016602
0 0.839355 0.723633 0.015625 0.007812
0 0.830322 0.781250 0.016113 0.009766
0 0.831787 0.758789 0.015137 0.010742
0 0.867432 0.740479 0.016113 0.010254
0 0.827881 0.681152 0.014160 0.010742
0 0.840332 0.837646 0.015625 0.008301
0 0.830566 0.863770 0.007812 0.018555
0 0.843506 0.876465 0.015137 0.008789
0 0.856445 0.929199 0.010742 0.013672
0 0.806885 0.962402 0.012207 0.011719
0 0.792725 0.978516 0.017090 0.006836
0 0.766846 0.966797 0.010254 0.015625
0 0.772949 0.878662 0.016602 0.009277
0 0.746338 0.897217 0.015137 0.008301
0 0.893066 0.892090 0.007812 0.015625
0 0.904785 0.883301 0.013672 0.011719
0 0.924561 0.693848 0.007324 0.016602
0 0.953369 0.703369 0.008301 0.018066
0 0.967529 0.960938 0.007324 0.015625
0 0.915771 0.523682 0.016113 0.006348
0 0.910400 0.534180 0.019043 0.006836
0 0.965820 0.526123 0.007812 0.014160
0 0.602295 0.575684 0.021973 0.008789
0 0.743896 0.456055 0.015137 0.011719
0 0.881592 0.604980 0.011230 0.013672
0 0.864746 0.617676 0.010742 0.014648
0 0.706787 0.071289 0.015137 0.008789
0 0.638672 0.472900 0.009766 0.015137
0 0.514404 0.245850 0.007324 0.016113
0 0.389404 0.070068 0.014160 0.014160
0 0.429199 0.243164 0.012695 0.011719
0 0.436035 0.464111 0.017578 0.006348
0 0.432129 0.457031 0.017578 0.007812
0 0.407715 0.517822 0.012695 0.012207
0 0.403076 0.440918 0.008301 0.018555
0 0.113281 0.290771 0.007812 0.015137
0 0.138672 0.332031 0.015625 0.006836
0 0.008789 0.224121 0.016602 0.009766
0 0.067383 0.530029 0.015625 0.008301
0 0.067383 0.290283 0.010742 0.015137
0 0.173828 0.693604 0.016602 0.009277
0 0.177979 0.577393 0.007324 0.015137
0 0.243896 0.654297 0.007324 0.017578
0 0.301270 0.718750 0.010742 0.015625
0 0.341064 0.604736 0.013184 0.014160
0 0.355225 0.627441 0.017090 0.006836
0 0.361328 0.663086 0.006836 0.016602
0 0.314209 0.848145 0.012207 0.011719
0 0.428955 0.848389 0.016113 0.007324
0 0.600098 0.597900 0.009766 0.016113
0 0.598633 0.580566 0.010742 0.016602
0 0.753662 0.718750 0.013184 0.012695
0 0.686279 0.835449 0.013184 0.011719
0 0.822754 0.830078 0.006836 0.018555
0 0.971680 0.710938 0.016602 0.008789
