0 0.961670 0.335449 0.006348 0.014648
0 0.931152 0.349609 0.017578 0.006836
0 0.895752 0.305908 0.008301 0.016113
0 0.868408 0.336914 0.014160 0.009766
0 0.873291 0.298340 0.007324 0.012695
0 0.870605 0.182373 0.011719 0.012207
0 0.838379 0.123047 0.014648 0.006836
0 0.816650 0.237793 0.016113 0.007812
0 0.800537 0.240234 0.010254 0.014648
0 0.790283 0.257324 0.006348 0.016602
0 0.775635 0.238037 0.016113 0.007324
0 0.737793 0.097656 0.012695 0.013672
0 0.755371 0.018799 0.008789 0.016113
0 0.726318 0.042725 0.010254 0.014160
0 0.673340 0.036377 0.016602 0.011230
0 0.630127 0.098877 0.007324 0.017090
0 0.648193 0.193848 0.015137 0.011719
0 0.659668 0.213623 0.014648 0.011230
0 0.777588 0.339844 0.010254 0.014648
0 0.833496 0.340088 0.016602 0.009277
0 0.737305 0.395996 0.014648 0.006836
0 0.718262 0.385010 0.007812 0.016113
0 0.665527 0.276611 0.016602 0.010254
0 0.644043 0.249023 0.006836 0.016602
0 0.594971 0.174072 0.014160 0.012207
0 0.526611 0.045654 0.013184 0.010254
0 0.532959 0.023438 0.007324 0.016602
0 0.535400 0.126953 0.006348 0.018555
0 0.478516 0.228516 0.007812 0.016602
0 0.504883 0.319580 0.016602 0.006348
0 0.423828 0.202393 0.010742 0.014160
0 0.343994 0.095459 0.017090 0.007324
0 0.337646 0.107178 0.015137 0.007324
0 0.235840 0.014404 0.005859 0.016113
0 0.192139 0.164551 0.006348 0.015625
0 0.183105 0.166504 0.011719 0.014648
0 0.186279 0.228516 0.013184 0.010742
0 0.334473 0.292725 0.018555 0.007324
0 0.066895 0.187012 0.007812 0.014648
0 0.158936 0.272705 0.014160 0.010254
0 0.178467 0.325684 0.013184 0.014648
0 0.169922 0.318359 0.006836 0.016602
0 0.236328 0.347412 0.006836 0.017090
0 0.260498 0.382812 0.013184 0.013672
0 0.292236 0.404053 0.017090 0.007324
0 0.307617 0.382812 0.015625 0.006836
0 0.428711 0.281982 0.009766 0.015137
0 0.394531 0.246582 0.015625 0.009766
0 0.388184 0.299805 0.015625 0.008789
0 0.374512 0.250000 0.016602 0.009766
0 0.429688 0.302734 0.017578 0.007812
0 0.423584 0.389160 0.011230 0.013672
0 0.426270 0.418945 0.007812 0.015625
0 0.411621 0.496094 0.016602 0.008789
0 0.397705 0.551514 0.017090 0.011230
0 0.358398 0.445312 0.016602 0.007812
0 0.317871 0.441895 0.007812 0.016602
0 0.337402 0.462402 0.011719 0.014648
0 0.336670 0.551514 0.014160 0.012207
0 0.319580 0.544922 0.013184 0.010742
0 0.262451 0.451904 0.006348 0.017090
0 0.239990 0.444824 0.015137 0.007812
0 0.228516 0.436768 0.015625 0.009277
0 0.192627 0.441895 0.013184 0.011719
0 0.232666 0.498047 0.014160 0.006836
0 0.243164 0.554443 0.013672 0.012207
0 0.299561 0.598633 0.018066 0.009766
0 0.284912 0.580322 0.018066 0.009277
0 0.316162 0.694824 0.008301 0.015625
0 0.316895 0.728027 0.016602 0.005859
0 0.314453 0.773682 0.012695 0.013184
0 0.325928 0.785156 0.012207 0.013672
0 0.409180 0.611084 0.009766 0.016113
0 0.510254 0.553467 0.015625 0.009277
0 0.445068 0.642334 0.018066 0.006348
0 0.403076 0.646240 0.011230 0.018066
0 0.316650 0.654541 0.016113 0.011230
0 0.238770 0.683594 0.006836 0.016602
0 0.176025 0.611084 0.016113 0.008301
0 0.139404 0.629150 0.015137 0.007324
0 0.165771 0.554932 0.013184 0.012207
0 0.154541 0.514648 0.014160 0.012695
0 0.162842 0.527100 0.006348 0.013184
0 0.100830 0.494629 0.011230 0.015625
0 0.166504 0.423828 0.009766 0.015625
0 0.093262 0.422363 0.015625 0.006836
0 0.093018 0.351562 0.013184 0.005859
0 0.044922 0.326416 0.007812 0.015137
0 0.036621 0.389160 0.012695 0.012695
0 0.049316 0.437744 0.009766 0.015137
0 0.070068 0.615967 0.016113 0.006348
0 0.077148 0.647949 0.014648 0.011719
0 0.072266 0.688721 0.007812 0.016113
0 0.113770 0.711914 0.013672 0.014648
0 0.166504 0.752686 0.006836 0.017090
0 0.190430 0.788574 0.005859 0.015625
0 0.202393 0.798340 0.012207 0.012695
0 0.034668 0.835938 0.007812 0.016602
0 0.183105 0.851562 0.008789 0.015625
0 0.236572 0.847656 0.014160 0.012695
0 0.253174 0.888184 0.014160 0.012695
0 0.229248 0.949219 0.016113 0.007812
0 0.202393 0.932373 0.008301 0.017090
0 0.159424 0.922119 0.015137 0.010254
0 0.086426 0.857666 0.014648 0.012207
0 0.069336 0.973389 0.008789 0.017090
0 0.241211 0.782715 0.014648 0.011719
0 0.318848 0.884033 0.014648 0.014160
0 0.358643 0.862061 0.007324 0.016113
0 0.367188 0.922363 0.016602 0.006836
0 0.386719 0.692383 0.011719 0.016602
0 0.395752 0.671143 0.017090 0.007324
0 0.385498 0.572021 0.015137 0.011230
0 0.451416 0.712891 0.011230 0.013672
0 0.483398 0.726807 0.015625 0.007324
0 0.472168 0.754395 0.006836 0.015625
0 0.484619 0.760498 0.017090 0.007324
0 0.509766 0.746094 0.016602 0.009766
0 0.497070 0.789062 0.007812 0.015625
0 0.532471 0.784180 0.014160 0.012695
0 0.482178 0.880615 0.015137 0.011230
0 0.427734 0.851318 0.014648 0.012207
0 0.402344 0.852783 0.015625 0.013184
0 0.352295 0.711182 0.015137 0.012207
0 0.358643 0.719971 0.006348 0.016113
0 0.410645 0.920654 0.011719 0.014160
0 0.418457 0.953125 0.010742 0.013672
0 0.428955 0.927246 0.015137 0.011719
0 0.458496 0.934814 0.015625 0.007324
0 0.041016 0.887939 0.015625 0.014160
0 0.478760 0.336914 0.006348 0.017578
0 0.495361 0.349365 0.014160 0.007324
0 0.509521 0.359375 0.016113 0.008789
0 0.497070 0.393555 0.012695 0.014648
0 0.553467 0.394287 0.017090 0.010254
0 0.598389 0.369629 0.007324 0.017578
0 0.635742 0.389893 0.016602 0.007324
0 0.616211 0.416748 0.010742 0.014160
0 0.614014 0.525391 0.011230 0.015625
0 0.554932 0.561768 0.011230 0.014160
0 0.553467 0.611816 0.007324 0.017578
0 0.554932 0.595947 0.015137 0.012207
0 0.576416 0.617676 0.014160 0.007812
0 0.591797 0.580078 0.018555 0.007812
0 0.613037 0.604004 0.017090 0.009766
0 0.642578 0.651367 0.015625 0.009766
0 0.659912 0.730225 0.016113 0.006348
0 0.570557 0.667236 0.006348 0.016113
0 0.547607 0.710693 0.017090 0.010254
0 0.454590 0.627197 0.007812 0.017090
0 0.569580 0.727539 0.012207 0.011719
0 0.582275 0.710693 0.010254 0.016113
0 0.580566 0.751221 0.007812 0.019043
0 0.593750 0.840088 0.016602 0.007324
0 0.559814 0.817383 0.013184 0.013672
0 0.575684 0.804688 0.015625 0.011719
0 0.658936 0.863525 0.010254 0.017090
0 0.542969 0.869141 0.007812 0.015625
0 0.545654 0.913330 0.007324 0.017090
0 0.614502 0.948975 0.008301 0.017090
0 0.597412 0.961426 0.016113 0.008789
0 0.606201 0.978516 0.016113 0.008789
0 0.575439 0.977295 0.009277 0.015137
0 0.504395 0.991699 0.016602 0.008789
0 0.437988 0.983154 0.007812 0.015137
0 0.725586 0.808350 0.009766 0.016113
0 0.689453 0.879639 0.013672 0.012207
0 0.688965 0.946289 0.007812 0.014648
0 0.671631 0.984619 0.010254 0.017090
0 0.733643 0.918945 0.008301 0.015625
0 0.767090 0.728271 0.010742 0.016113
0 0.668457 0.580811 0.016602 0.009277
0 0.675781 0.599365 0.013672 0.015137
0 0.717041 0.622559 0.013184 0.014648
0 0.720703 0.646729 0.017578 0.008301
0 0.736328 0.647461 0.008789 0.015625
0 0.787842 0.462158 0.009277 0.016113
0 0.731689 0.497803 0.008301 0.018066
0 0.741211 0.520508 0.006836 0.016602
0 0.770752 0.552734 0.006348 0.014648
0 0.759277 0.580078 0.009766 0.016602
0 0.751953 0.612305 0.007812 0.018555
0 0.769531 0.625488 0.011719 0.016602
0 0.810547 0.685791 0.014648 0.011230
0 0.839111 0.572021 0.018066 0.007324
0 0.826904 0.606689 0.015137 0.012207
0 0.851074 0.485352 0.010742 0.015625
0 0.817871 0.520020 0.014648 0.006836
0 0.881592 0.549561 0.013184 0.013184
0 0.853271 0.366699 0.017090 0.006836
0 0.862549 0.422852 0.013184 0.014648
0 0.885498 0.437744 0.017090 0.007324
0 0.903320 0.427246 0.009766 0.016602
0 0.952148 0.479004 0.010742 0.013672
0 0.868896 0.708496 0.016113 0.008789
0 0.879639 0.730469 0.007324 0.014648
0 0.874268 0.750977 0.013184 0.012695
0 0.862061 0.795654 0.012207 0.013184
0 0.813721 0.704346 0.016113 0.009277
0 0.801025 0.808838 0.016113 0.010254
0 0.769287 0.795654 0.014160 0.009277
0 0.797852 0.952393 0.010742 0.014160
0 0.813232 0.960938 0.014160 0.013672
0 0.792236 0.929199 0.010254 0.015625
0 0.836182 0.544678 0.006348 0.016113
0 0.866699 0.396484 0.013672 0.014648
0 0.717529 0.455566 0.010254 0.016602
0 0.727783 0.536621 0.007324 0.016602
0 0.781250 0.436035 0.014648 0.007812
0 0.594238 0.261963 0.007812 0.018066
0 0.559082 0.510010 0.013672 0.006348
0 0.595703 0.563477 0.007812 0.018555
0 0.482910 0.201416 0.016602 0.007324
0 0.481689 0.035645 0.006348 0.016602
0 0.507812 0.120850 0.013672 0.011230
0 0.449219 0.410645 0.016602 0.009766
0 0.417236 0.058105 0.013184 0.011719
0 0.427490 0.264404 0.017090 0.006348
0 0.379639 0.321289 0.017090 0.011719
0 0.369629 0.333984 0.015625 0.007812
0 0.399414 0.352051 0.008789 0.017578
0 0.383301 0.500244 0.014648 0.013184
0 0.353516 0.479736 0.009766 0.017090
0 0.343018 0.442627 0.015137 0.008301
0 0.336182 0.474365 0.014160 0.011230
0 0.306396 0.398193 0.013184 0.014160
0 0.297363 0.270996 0.006836 0.017578
0 0.424316 0.017578 0.017578 0.009766
0 0.332031 0.441406 0.008789 0.017578
0 0.228516 0.560791 0.009766 0.014160
0 0.217285 0.038574 0.010742 0.013672
0 0.240234 0.473633 0.010742 0.011719
0 0.137695 0.106445 0.014648 0.008789
0 0.100586 0.326660 0.013672 0.007812
0 0.160156 0.490479 0.012695 0.012207
0 0.067627 0.087646 0.009277 0.016113
0 0.045166 0.171631 0.007324 0.016113
0 0.004639 0.255127 0.009277 0.016113
0 0.015137 0.548096 0.014648 0.005371
0 0.151611 0.915283 0.010254 0.018066
0 0.152100 0.642578 0.009277 0.012695
0 0.180664 0.878662 0.015625 0.011230
0 0.222168 0.924805 0.011719 0.012695
0 0.230957 0.607422 0.009766 0.014648
0 0.202881 0.963379 0.013184 0.010742
0 0.264893 0.602051 0.012207 0.011719
0 0.302734 0.702148 0.006836 0.019531
0 0.295410 0.501953 0.012695 0.017578
0 0.334961 0.895752 0.006836 0.015137
0 0.486084 0.647949 0.008301 0.013672
0 0.433838 0.658203 0.016113 0.007812
0 0.614502 0.617676 0.018066 0.010742
0 0.702637 0.639893 0.013672 0.008301
0 0.774658 0.597168 0.012207 0.010742
0 0.932861 0.722656 0.014160 0.006836
0 0.962891 0.810547 0.010742 0.016602
0 0.896973 0.856201 0.015625 0.010254
0 0.893311 0.723633 0.007324 0.016602
0 0.757568 0.797852 0.015137 0.010742
0 0.777344 0.904785 0.006836 0.015625
0 0.579346 0.908447 0.018066 0.006348
0 0.310547 0.947754 0.011719 0.014648
0 0.299316 0.947021 0.015625 0.011230
0 0.292969 0.959229 0.012695 0.014160
0 0.270020 0.991699 0.009766 0.016602
0 0.593994 0.674561 0.008301 0.013184
