0 0.820557 0.104736 0.008301 0.019043
0 0.794922 0.089355 0.015625 0.008789
0 0.807373 0.191650 0.014160 0.010254
0 0.797852 0.236816 0.014648 0.012695
0 0.771729 0.359375 0.012207 0.016602
0 0.721436 0.361572 0.017090 0.011230
0 0.846680 0.426514 0.015625 0.008301
0 0.648926 0.089600 0.017578 0.007324
0 0.665527 0.113525 0.010742 0.014160
0 0.696289 0.219727 0.008789 0.018555
0 0.655029 0.190674 0.018066 0.006348
0 0.661133 0.200684 0.015625 0.008789
0 0.773682 0.511475 0.009277 0.013184
0 0.821289 0.543457 0.017578 0.008789
0 0.876465 0.527100 0.006836 0.017090
0 0.844971 0.562500 0.017090 0.008789
0 0.818115 0.606689 0.014160 0.010254
0 0.776123 0.585693 0.015137 0.013184
0 0.878906 0.592773 0.007812 0.018555
0 0.893555 0.579834 0.007812 0.018066
0 0.905518 0.616699 0.008301 0.012695
0 0.892334 0.648926 0.017090 0.007812
0 0.892578 0.781250 0.012695 0.015625
0 0.822266 0.740234 0.016602 0.007812
0 0.817383 0.791260 0.018555 0.007324
0 0.790039 0.775635 0.016602 0.008301
0 0.735840 0.792969 0.015625 0.011719
0 0.739746 0.806641 0.015625 0.011719
0 0.857666 0.735840 0.007324 0.016602
0 0.721924 0.558105 0.012207 0.014648
0 0.677490 0.438721 0.018066 0.008301
0 0.652344 0.368652 0.017578 0.008789
0 0.630371 0.358887 0.016602 0.008789
0 0.617432 0.265381 0.018066 0.009277
0 0.694336 0.187500 0.010742 0.014648
0 0.550537 0.049561 0.019043 0.008301
0 0.531494 0.193604 0.015137 0.006348
0 0.525879 0.185059 0.012695 0.013672
0 0.538330 0.328613 0.009277 0.011719
0 0.485107 0.306396 0.007324 0.016113
0 0.467529 0.021484 0.012207 0.016602
0 0.445312 0.043945 0.010742 0.011719
0 0.394043 0.137695 0.007812 0.017578
0 0.417969 0.245605 0.008789 0.017578
0 0.613037 0.531006 0.013184 0.012207
0 0.576904 0.503418 0.014160 0.009766
0 0.538330 0.482178 0.008301 0.018066
0 0.523438 0.512695 0.008789 0.018555
0 0.600830 0.603760 0.010254 0.015137
0 0.502930 0.542236 0.015625 0.011230
0 0.478271 0.533691 0.018066 0.010742
0 0.356934 0.086914 0.019531 0.006836
0 0.299072 0.053223 0.015137 0.011719
0 0.300537 0.096436 0.007324 0.014160
0 0.321045 0.180908 0.012207 0.013184
0 0.281494 0.187256 0.011230 0.013184
0 0.259766 0.219727 0.013672 0.012695
0 0.354736 0.233398 0.012207 0.010742
0 0.409912 0.178223 0.013184 0.011719
0 0.388916 0.384521 0.018066 0.009277
0 0.434570 0.536377 0.016602 0.010254
0 0.199951 0.034912 0.017090 0.009277
0 0.251953 0.262451 0.006836 0.016113
0 0.212402 0.234375 0.011719 0.014648
0 0.199463 0.226562 0.018066 0.007812
0 0.149170 0.175293 0.015137 0.006836
0 0.139893 0.145508 0.019043 0.006836
0 0.082031 0.216309 0.015625 0.007812
0 0.113770 0.178711 0.015625 0.006836
0 0.120361 0.139893 0.015137 0.013184
0 0.052002 0.077393 0.017090 0.007324
0 0.055908 0.298828 0.006348 0.016602
0 0.115723 0.320312 0.010742 0.016602
0 0.195312 0.407715 0.013672 0.013672
0 0.147461 0.449219 0.013672 0.013672
0 0.031006 0.448486 0.017090 0.010254
0 0.032227 0.466064 0.017578 0.008301
0 0.068604 0.538574 0.012207 0.012695
0 0.030518 0.581543 0.014160 0.012695
0 0.070312 0.655518 0.008789 0.015137
0 0.091064 0.704834 0.014160 0.011230
0 0.115723 0.739014 0.016602 0.010254
0 0.171143 0.808350 0.020020 0.009277
0 0.157227 0.738037 0.009766 0.016113
0 0.159912 0.563232 0.013184 0.012207
0 0.183838 0.512207 0.015137 0.011719
0 0.264160 0.534424 0.014648 0.011230
0 0.262695 0.457275 0.009766 0.015137
0 0.302246 0.389648 0.014648 0.010742
0 0.206787 0.604492 0.014160 0.008789
0 0.170654 0.668457 0.008301 0.016602
0 0.247559 0.589600 0.008789 0.017090
0 0.268555 0.599365 0.015625 0.011230
0 0.221680 0.599854 0.009766 0.015137
0 0.251953 0.680420 0.008789 0.017090
0 0.287842 0.709717 0.018066 0.008301
0 0.281494 0.749756 0.013184 0.010254
0 0.274902 0.800537 0.016602 0.009277
0 0.297363 0.816895 0.018555 0.006836
0 0.341797 0.814697 0.013672 0.013184
0 0.347412 0.783203 0.009277 0.014648
0 0.373291 0.681152 0.010254 0.014648
0 0.346191 0.684814 0.015625 0.011230
0 0.306152 0.703369 0.011719 0.016113
0 0.384766 0.603516 0.007812 0.018555
0 0.388672 0.631592 0.006836 0.018066
0 0.403320 0.529053 0.015625 0.008301
0 0.434326 0.579346 0.018066 0.009277
0 0.425293 0.625244 0.014648 0.008301
0 0.433594 0.747559 0.012695 0.013672
0 0.410156 0.783691 0.013672 0.011719
0 0.396729 0.789551 0.008301 0.017578
0 0.388184 0.805908 0.014648 0.016113
0 0.380859 0.747559 0.011719 0.015625
0 0.364990 0.761719 0.008301 0.014648
0 0.365234 0.727539 0.010742 0.014648
0 0.492432 0.625000 0.013184 0.012695
0 0.460205 0.589111 0.007324 0.018066
0 0.460938 0.644531 0.016602 0.010742
0 0.340332 0.421387 0.007812 0.015625
0 0.417236 0.367432 0.012207 0.014160
0 0.516113 0.357910 0.008789 0.018555
0 0.554688 0.637939 0.006836 0.017090
0 0.563721 0.679932 0.017090 0.010254
0 0.583252 0.688477 0.018066 0.008789
0 0.599609 0.685791 0.007812 0.017090
0 0.610840 0.725586 0.012695 0.013672
0 0.529541 0.700439 0.012207 0.014160
0 0.519043 0.718994 0.014648 0.006348
0 0.514160 0.809326 0.011719 0.012207
0 0.680908 0.655029 0.010254 0.017090
0 0.645020 0.521973 0.011719 0.012695
0 0.685059 0.712891 0.016602 0.007812
0 0.722168 0.693359 0.008789 0.015625
0 0.709473 0.725586 0.009766 0.015625
0 0.675293 0.815674 0.017578 0.008301
0 0.866455 0.279053 0.010254 0.016113
0 0.934326 0.635498 0.012207 0.011230
0 0.973389 0.556152 0.014160 0.013672
0 0.978760 0.628906 0.011230 0.015625
0 0.895752 0.734619 0.010254 0.013184
0 0.942139 0.841797 0.017090 0.011719
0 0.849609 0.827881 0.015625 0.012207
0 0.874023 0.848389 0.010742 0.012207
0 0.819580 0.908936 0.010254 0.016113
0 0.762207 0.832764 0.013672 0.014160
0 0.722412 0.853516 0.014160 0.013672
0 0.764648 0.988037 0.007812 0.018066
0 0.739502 0.961426 0.014160 0.011719
0 0.726318 0.976807 0.016113 0.013184
0 0.711182 0.949463 0.011230 0.018066
0 0.681152 0.953125 0.015625 0.013672
0 0.667725 0.911133 0.007324 0.017578
0 0.684082 0.926514 0.008789 0.014160
0 0.741211 0.905518 0.010742 0.017090
0 0.745850 0.915283 0.015137 0.009277
0 0.762451 0.904541 0.018066 0.009277
0 0.761475 0.921387 0.013184 0.010742
0 0.629395 0.734863 0.011719 0.014648
0 0.636230 0.882324 0.009766 0.014648
0 0.617676 0.897949 0.008789 0.017578
0 0.633057 0.921875 0.015137 0.010742
0 0.597412 0.956055 0.007324 0.018555
0 0.567871 0.857422 0.011719 0.014648
0 0.564697 0.904541 0.010254 0.015137
0 0.537109 0.832275 0.010742 0.018066
0 0.410645 0.899902 0.017578 0.008789
0 0.377441 0.866943 0.013672 0.009277
0 0.351807 0.829590 0.018066 0.006836
0 0.316895 0.835449 0.017578 0.009766
0 0.451416 0.952881 0.017090 0.008301
0 0.506348 0.924316 0.016602 0.012695
0 0.515625 0.887939 0.014648 0.007324
0 0.395508 0.974121 0.012695 0.017578
0 0.334229 0.956299 0.016113 0.009277
0 0.299561 0.885498 0.014160 0.012207
0 0.289551 0.848145 0.011719 0.013672
0 0.258057 0.873047 0.007324 0.016602
0 0.254150 0.935547 0.015137 0.011719
0 0.270996 0.952881 0.007812 0.015137
0 0.255615 0.976562 0.016113 0.009766
0 0.178223 0.946045 0.022461 0.012207
0 0.226562 0.880127 0.008789 0.013184
0 0.129150 0.918701 0.013184 0.014160
0 0.135498 0.891357 0.010254 0.015137
0 0.148682 0.993896 0.015137 0.012207
0 0.088867 0.950684 0.013672 0.007812
0 0.039062 0.806641 0.007812 0.015625
0 0.020264 0.892822 0.016113 0.008301
0 0.983154 0.259277 0.011230 0.013672
0 0.766846 0.056885 0.011230 0.009277
0 0.429199 0.012695 0.014648 0.012695
0 0.451904 0.334717 0.010254 0.018066
0 0.432129 0.355713 0.012695 0.012207
0 0.409180 0.442383 0.007812 0.021484
0 0.404297 0.204102 0.017578 0.007812
0 0.395020 0.178223 0.010742 0.014648
0 0.391846 0.192383 0.018066 0.006836
0 0.379883 0.137207 0.007812 0.014648
0 0.347900 0.063721 0.018066 0.006348
0 0.342529 0.080811 0.011230 0.013184
0 0.398926 0.547119 0.008789 0.017090
0 0.434326 0.571289 0.018066 0.007812
0 0.452148 0.596680 0.008789 0.019531
0 0.311035 0.115723 0.009766 0.015625
0 0.299805 0.116943 0.014648 0.010254
0 0.245850 0.239746 0.009277 0.012695
0 0.228271 0.025879 0.013184 0.012695
0 0.231689 0.076416 0.012207 0.012207
0 0.133057 0.072021 0.015137 0.011230
0 0.085205 0.310791 0.007324 0.020020
0 0.076660 0.409424 0.013672 0.011230
0 0.033203 0.206787 0.010742 0.016113
0 0.023193 0.335693 0.016113 0.007324
0 0.042725 0.460693 0.010254 0.016113
0 0.501709 0.701904 0.011230 0.015137
0 0.838379 0.645996 0.017578 0.010742
0 0.849854 0.685059 0.013184 0.012695
0 0.923340 0.656982 0.007812 0.014160
0 0.920898 0.820801 0.009766 0.015625
0 0.748535 0.829346 0.008789 0.017090
0 0.812256 0.868164 0.015137 0.007812
0 0.772949 0.916992 0.008789 0.015625
0 0.955566 0.812012 0.012695 0.015625
0 0.857910 0.840576 0.007812 0.017090
0 0.896484 0.985840 0.006836 0.018555
0 0.887451 0.989990 0.007324 0.017090
0 0.539307 0.852295 0.017090 0.009277
0 0.495605 0.937256 0.007812 0.018066
0 0.380615 0.826172 0.015137 0.014648
0 0.347412 0.717041 0.017090 0.007324
0 0.327881 0.695801 0.014160 0.010742
0 0.349854 0.978271 0.014160 0.014160
0 0.313232 0.952148 0.011230 0.013672
0 0.246582 0.733887 0.017578 0.006836
0 0.226562 0.735596 0.011719 0.017090
0 0.193359 0.801514 0.006836 0.017090
0 0.122314 0.836670 0.013184 0.009277
0 0.171143 0.933350 0.015137 0.009277
0 0.013184 0.691895 0.014648 0.013672
0 0.246826 0.759033 0.016113 0.010254
0 0.374756 0.727295 0.009277 0.018066
0 0.413818 0.623535 0.011230 0.013672
