0 0.879639 0.109863 0.013184 0.017578
0 0.846436 0.018066 0.018066 0.008789
0 0.823242 0.143555 0.012695 0.016602
0 0.800049 0.124512 0.021973 0.010742
0 0.807373 0.229736 0.013184 0.015137
0 0.796631 0.272949 0.010254 0.018555
0 0.867188 0.316650 0.010742 0.015137
0 0.770020 0.401123 0.007812 0.020020
0 0.721680 0.398438 0.017578 0.010742
0 0.697754 0.255127 0.009766 0.020996
0 0.766113 0.092529 0.014648 0.010254
0 0.732666 0.016357 0.018066 0.009277
0 0.655029 0.131592 0.019043 0.007324
0 0.667969 0.151123 0.008789 0.017090
0 0.581543 0.028809 0.011719 0.014648
0 0.545898 0.088379 0.016602 0.009766
0 0.846436 0.464355 0.018066 0.009766
0 0.776367 0.546387 0.010742 0.014648
0 0.695557 0.225098 0.012207 0.015625
0 0.651855 0.232910 0.017578 0.009766
0 0.668213 0.238525 0.010254 0.017090
0 0.611816 0.299561 0.018555 0.012207
0 0.537598 0.229980 0.015625 0.007812
0 0.522217 0.227539 0.014160 0.013672
0 0.645020 0.410645 0.018555 0.012695
0 0.625977 0.392090 0.015625 0.013672
0 0.674805 0.476562 0.018555 0.011719
0 0.718750 0.600830 0.007812 0.017090
0 0.465088 0.064697 0.012207 0.017090
0 0.446045 0.079590 0.014160 0.008789
0 0.427734 0.044678 0.019531 0.010254
0 0.450439 0.152100 0.013184 0.016113
0 0.486328 0.344727 0.009766 0.016602
0 0.392578 0.170898 0.007812 0.018555
0 0.358398 0.123047 0.017578 0.008789
0 0.348145 0.101074 0.018555 0.006836
0 0.324463 0.220703 0.016113 0.009766
0 0.418457 0.287354 0.011719 0.019043
0 0.394287 0.421631 0.013184 0.012207
0 0.413330 0.407227 0.012207 0.015625
0 0.278564 0.217529 0.018066 0.007324
0 0.301514 0.127686 0.008301 0.015137
0 0.298584 0.052979 0.015137 0.010254
0 0.302734 0.088379 0.014648 0.013672
0 0.321533 0.024902 0.011230 0.016602
0 0.239990 0.019287 0.010254 0.017090
0 0.211914 0.028809 0.007812 0.017578
0 0.224854 0.060547 0.009277 0.017578
0 0.235596 0.105957 0.014160 0.013672
0 0.265381 0.254395 0.015137 0.011719
0 0.252686 0.294189 0.012207 0.015137
0 0.355225 0.271240 0.013184 0.013184
0 0.145752 0.182861 0.016113 0.012207
0 0.118896 0.038574 0.015137 0.013672
0 0.105957 0.017578 0.014648 0.011719
0 0.055908 0.110596 0.016113 0.008301
0 0.123047 0.180908 0.014648 0.013184
0 0.119629 0.214355 0.016602 0.006836
0 0.213379 0.271973 0.011719 0.015625
0 0.114014 0.359619 0.014160 0.011230
0 0.088623 0.357666 0.014160 0.017090
0 0.053955 0.340820 0.011230 0.015625
0 0.028076 0.374023 0.016113 0.015625
0 0.080811 0.450195 0.016113 0.011719
0 0.039062 0.480225 0.016602 0.010254
0 0.154541 0.493652 0.017090 0.010742
0 0.159180 0.601074 0.014648 0.013672
0 0.198242 0.442139 0.010742 0.013184
0 0.295654 0.425293 0.016113 0.007812
0 0.340332 0.466064 0.008789 0.016113
0 0.048340 0.680420 0.013672 0.008301
0 0.071533 0.699463 0.006348 0.016113
0 0.096191 0.737549 0.013672 0.013184
0 0.138916 0.951904 0.013184 0.015137
0 0.144287 0.919678 0.014160 0.015137
0 0.174072 0.968018 0.018066 0.010254
0 0.186035 0.982422 0.009766 0.013672
0 0.224609 0.924072 0.008789 0.016113
0 0.174561 0.848145 0.017090 0.009766
0 0.195312 0.827881 0.009766 0.016113
0 0.210449 0.643066 0.017578 0.007812
0 0.190186 0.551758 0.012207 0.012695
0 0.243896 0.621826 0.009277 0.018066
0 0.251709 0.711670 0.008301 0.021973
0 0.220215 0.795410 0.010742 0.012695
0 0.271484 0.877686 0.015625 0.008301
0 0.258545 0.904053 0.008301 0.018066
0 0.263672 0.959229 0.007812 0.017090
0 0.262451 0.976318 0.015137 0.011230
0 0.091553 0.985840 0.011230 0.010742
0 0.119629 0.775146 0.017578 0.007324
0 0.171631 0.707275 0.010254 0.015137
0 0.261719 0.640869 0.015625 0.010254
0 0.292725 0.706055 0.011230 0.012695
0 0.287598 0.790283 0.015625 0.015137
0 0.245361 0.802979 0.017090 0.010254
0 0.282227 0.842529 0.014648 0.015137
0 0.305908 0.874512 0.021973 0.008789
0 0.306885 0.857910 0.012207 0.013672
0 0.295166 0.744873 0.020020 0.007324
0 0.303955 0.742188 0.015137 0.017578
0 0.328613 0.735840 0.019531 0.014648
0 0.346680 0.722900 0.015625 0.011230
0 0.384766 0.647461 0.006836 0.018555
0 0.388428 0.667969 0.009277 0.020508
0 0.427979 0.575928 0.011230 0.017090
0 0.471191 0.569336 0.017578 0.011719
0 0.436035 0.618896 0.019531 0.008301
0 0.433838 0.609619 0.020020 0.010254
0 0.498535 0.669678 0.015625 0.012207
0 0.453369 0.629395 0.009277 0.019531
0 0.503418 0.733887 0.011719 0.014648
0 0.525879 0.732910 0.007812 0.016602
0 0.519531 0.756592 0.016602 0.007324
0 0.440918 0.794189 0.012695 0.014160
0 0.381836 0.784912 0.011719 0.017090
0 0.364746 0.794434 0.011719 0.017578
0 0.348389 0.820068 0.008301 0.015137
0 0.364990 0.749756 0.014160 0.013184
0 0.348389 0.753662 0.018066 0.008301
0 0.371582 0.903320 0.014648 0.007812
0 0.353271 0.865234 0.016113 0.008789
0 0.338867 0.856934 0.009766 0.014648
0 0.405518 0.825684 0.019043 0.007812
0 0.389893 0.843018 0.014160 0.016113
0 0.379150 0.865967 0.012207 0.016113
0 0.413818 0.935547 0.016113 0.013672
0 0.303711 0.923584 0.012695 0.015137
0 0.512207 0.843262 0.017578 0.007812
0 0.532715 0.885986 0.013672 0.010254
0 0.540039 0.870605 0.007812 0.018555
0 0.571533 0.890625 0.007324 0.018555
0 0.563965 0.937256 0.010742 0.015137
0 0.596924 0.987549 0.009277 0.020020
0 0.618164 0.943604 0.007812 0.015137
0 0.633301 0.925293 0.008789 0.015625
0 0.659912 0.851074 0.016113 0.008789
0 0.677734 0.751709 0.015625 0.009277
0 0.630371 0.775879 0.013672 0.014648
0 0.680176 0.694580 0.012695 0.015137
0 0.571045 0.727051 0.014160 0.006836
0 0.567383 0.716309 0.017578 0.006836
0 0.554932 0.676758 0.007324 0.015625
0 0.602783 0.648193 0.010254 0.018066
0 0.608887 0.572510 0.014648 0.015137
0 0.576904 0.541504 0.015137 0.013672
0 0.498779 0.587646 0.016113 0.010254
0 0.526123 0.558838 0.008301 0.019043
0 0.539795 0.527832 0.010254 0.017578
0 0.663086 0.942627 0.012695 0.016113
0 0.721924 0.730713 0.009277 0.016113
0 0.710449 0.760742 0.009766 0.015625
0 0.789062 0.633057 0.014648 0.007324
0 0.821533 0.581299 0.016113 0.009277
0 0.817627 0.642578 0.017090 0.007812
0 0.848633 0.599609 0.017578 0.007812
0 0.876953 0.572754 0.006836 0.018555
0 0.880615 0.626709 0.007324 0.017090
0 0.887207 0.685791 0.017578 0.009277
0 0.845459 0.717773 0.017090 0.010742
0 0.854248 0.776123 0.011230 0.011230
0 0.828857 0.777588 0.013184 0.012207
0 0.812012 0.831543 0.014648 0.010742
0 0.761719 0.869873 0.014648 0.013184
0 0.731445 0.883301 0.012695 0.013672
0 0.736328 0.829590 0.018555 0.011719
0 0.746826 0.935059 0.011230 0.015625
0 0.775391 0.958496 0.009766 0.012695
0 0.756836 0.960938 0.015625 0.007812
0 0.745605 0.952637 0.021484 0.007812
0 0.804932 0.907959 0.016113 0.009277
0 0.813965 0.951904 0.015625 0.008301
0 0.854980 0.861816 0.017578 0.008789
0 0.887451 0.824707 0.016113 0.010742
0 0.923340 0.865234 0.014648 0.011719
0 0.932617 0.883301 0.011719 0.015625
0 0.900391 0.779297 0.010742 0.015625
0 0.933838 0.673584 0.013184 0.013184
0 0.973145 0.595703 0.015625 0.012695
0 0.989746 0.914795 0.016602 0.011230
0 0.984131 0.297119 0.013184 0.013184
0 0.684082 0.220703 0.016602 0.008789
0 0.512939 0.406250 0.009277 0.017578
0 0.641357 0.565430 0.015137 0.009766
0 0.430420 0.395508 0.013184 0.012695
0 0.351318 0.009521 0.013184 0.014160
0 0.404297 0.241455 0.018555 0.008301
0 0.394531 0.217041 0.010742 0.016113
0 0.312744 0.153320 0.011230 0.015625
0 0.378906 0.169434 0.007812 0.014648
0 0.245605 0.277344 0.010742 0.013672
0 0.300293 0.154785 0.015625 0.011719
0 0.198242 0.071045 0.017578 0.009277
0 0.180908 0.035889 0.015137 0.011230
0 0.204834 0.264160 0.017090 0.007812
0 0.154053 0.212646 0.016113 0.008301
0 0.128662 0.110596 0.013184 0.015137
0 0.134033 0.141602 0.016113 0.006836
0 0.083008 0.253418 0.016602 0.007812
0 0.087402 0.327393 0.009766 0.017090
0 0.225098 0.633057 0.011719 0.016113
0 0.027588 0.011475 0.017090 0.008301
0 0.015869 0.020752 0.017090 0.009277
0 0.033691 0.245850 0.015625 0.012207
0 0.042236 0.497314 0.008301 0.018066
0 0.072510 0.580566 0.006348 0.017578
0 0.031250 0.618408 0.012695 0.013184
0 0.114746 0.428223 0.007812 0.015625
0 0.020996 0.734375 0.015625 0.012695
0 0.039307 0.836182 0.008301 0.015137
0 0.026123 0.931885 0.017090 0.011230
0 0.124023 0.873779 0.012695 0.009277
0 0.160889 0.784424 0.009277 0.016113
0 0.183350 0.730225 0.007324 0.018066
0 0.230713 0.779541 0.007324 0.018066
0 0.248779 0.770264 0.017090 0.007324
0 0.242188 0.779541 0.015625 0.011230
0 0.249512 0.795654 0.014648 0.011230
0 0.290527 0.887695 0.013672 0.012695
0 0.327881 0.939941 0.008301 0.018555
0 0.339844 0.994141 0.015625 0.011719
0 0.317139 0.984619 0.014160 0.012207
0 0.374756 0.717529 0.009277 0.019043
0 0.376709 0.708252 0.011230 0.015137
0 0.396973 0.580322 0.013672 0.016113
0 0.365723 0.765137 0.012695 0.014648
0 0.360596 0.779053 0.015137 0.009277
0 0.375977 0.765625 0.009766 0.017578
0 0.399170 0.838623 0.010254 0.017090
0 0.464111 0.958496 0.013184 0.008789
0 0.443848 0.946289 0.014648 0.011719
0 0.441162 0.977539 0.013184 0.015625
0 0.461914 0.992432 0.017578 0.006348
0 0.417236 0.663818 0.013184 0.015137
0 0.458008 0.683594 0.012695 0.013672
0 0.509033 0.925049 0.011230 0.012207
0 0.511230 0.959473 0.015625 0.010742
0 0.490967 0.974609 0.010254 0.013672
0 0.500000 0.967285 0.008789 0.017578
0 0.600342 0.717773 0.008301 0.017578
0 0.612793 0.767090 0.012695 0.015625
0 0.563477 0.951904 0.015625 0.014160
0 0.670654 0.994385 0.019043 0.011230
0 0.745605 0.840820 0.011719 0.014648
0 0.747803 0.863281 0.007324 0.017578
0 0.755127 0.946289 0.013184 0.013672
0 0.833984 0.688965 0.012695 0.016602
0 0.892822 0.626221 0.009277 0.020020
0 0.904785 0.655029 0.009766 0.011230
0 0.875488 0.889893 0.006836 0.015137
0 0.922852 0.694824 0.007812 0.015625
0 0.972412 0.676025 0.013184 0.014160
0 0.954834 0.843994 0.006348 0.020020
0 0.409668 0.487305 0.009766 0.019531
0 0.272461 0.992920 0.008789 0.014160
0 0.463379 0.632324 0.014648 0.012695
