0 0.975830 0.110840 0.012207 0.014648
0 0.861816 0.130371 0.009766 0.015625
0 0.803467 0.044922 0.015137 0.011719
0 0.793945 0.088135 0.015625 0.011230
0 0.762451 0.180664 0.008301 0.014648
0 0.726074 0.204834 0.011719 0.013184
0 0.713135 0.265137 0.017090 0.009766
0 0.693848 0.096191 0.009766 0.017578
0 0.689697 0.043945 0.009277 0.014648
0 0.714111 0.037842 0.018066 0.007324
0 0.641846 0.062744 0.014160 0.014160
0 0.633057 0.121338 0.011230 0.015137
0 0.662109 0.202393 0.009766 0.017090
0 0.648682 0.224609 0.009277 0.013672
0 0.523438 0.014404 0.007812 0.018066
0 0.506592 0.052490 0.011230 0.013184
0 0.537598 0.175781 0.015625 0.014648
0 0.486572 0.169434 0.007324 0.016602
0 0.424072 0.207275 0.019043 0.015137
0 0.432861 0.170898 0.013184 0.012695
0 0.403564 0.082520 0.017090 0.008789
0 0.424805 0.014893 0.014648 0.008301
0 0.385498 0.007324 0.012207 0.011719
0 0.352783 0.093750 0.009277 0.017578
0 0.363281 0.238525 0.017578 0.007324
0 0.340820 0.249756 0.009766 0.014160
0 0.322754 0.256348 0.016602 0.007812
0 0.311279 0.021484 0.011230 0.019531
0 0.283203 0.059814 0.007812 0.017090
0 0.244141 0.080322 0.016602 0.008301
0 0.245850 0.091309 0.009277 0.011719
0 0.235596 0.134033 0.008301 0.013184
0 0.203125 0.101074 0.014648 0.008789
0 0.283447 0.318848 0.013184 0.010742
0 0.165283 0.080322 0.016113 0.008301
0 0.088623 0.035156 0.015137 0.006836
0 0.079102 0.063965 0.012695 0.013672
0 0.098389 0.124023 0.008301 0.015625
0 0.120117 0.156982 0.006836 0.016113
0 0.047363 0.135742 0.009766 0.014648
0 0.026123 0.057861 0.013184 0.012207
0 0.112549 0.257080 0.007324 0.014160
0 0.067871 0.250000 0.010742 0.014648
0 0.022461 0.303711 0.013672 0.013672
0 0.044189 0.318604 0.008301 0.017090
0 0.135010 0.294434 0.018066 0.007812
0 0.066895 0.361328 0.007812 0.015625
0 0.032959 0.454102 0.009277 0.013672
0 0.069824 0.489014 0.011719 0.011230
0 0.071289 0.505371 0.014648 0.010742
0 0.060791 0.550293 0.014160 0.012695
0 0.079346 0.599609 0.016113 0.009766
0 0.038574 0.684326 0.012695 0.011230
0 0.101562 0.759033 0.016602 0.007324
0 0.109375 0.787842 0.012695 0.014160
0 0.079590 0.812988 0.008789 0.015625
0 0.131836 0.854736 0.014648 0.009277
0 0.266602 0.388428 0.009766 0.017090
0 0.287354 0.446289 0.016113 0.008789
0 0.454590 0.368896 0.012695 0.013184
0 0.452881 0.267090 0.007324 0.016602
0 0.111328 0.670898 0.010742 0.015625
0 0.167236 0.491211 0.007324 0.015625
0 0.179932 0.438477 0.015137 0.010742
0 0.158936 0.402344 0.007324 0.012695
0 0.182861 0.346191 0.011230 0.015625
0 0.189209 0.286377 0.007324 0.016113
0 0.172852 0.545654 0.009766 0.013184
0 0.130127 0.580566 0.016113 0.007812
0 0.172363 0.656494 0.017578 0.009277
0 0.162354 0.782959 0.016113 0.009277
0 0.186523 0.879639 0.013672 0.011230
0 0.193848 0.930176 0.008789 0.016602
0 0.212646 0.770508 0.014160 0.012695
0 0.222412 0.728760 0.008301 0.017090
0 0.193115 0.683838 0.013184 0.014160
0 0.222656 0.613770 0.012695 0.015625
0 0.189697 0.570068 0.013184 0.011230
0 0.202637 0.455566 0.017578 0.006836
0 0.246338 0.475830 0.007324 0.018066
0 0.260742 0.558105 0.014648 0.011719
0 0.258301 0.612549 0.016602 0.009277
0 0.242920 0.619629 0.009277 0.015625
0 0.263672 0.662109 0.013672 0.011719
0 0.344482 0.536133 0.017090 0.008789
0 0.375977 0.467773 0.007812 0.017578
0 0.382080 0.454346 0.010254 0.013184
0 0.387939 0.427246 0.007324 0.015625
0 0.402100 0.412842 0.016113 0.007324
0 0.401611 0.400391 0.008301 0.017578
0 0.527832 0.295410 0.007812 0.015625
0 0.528564 0.319580 0.008301 0.019043
0 0.529541 0.480469 0.016113 0.009766
0 0.479736 0.498291 0.016113 0.006348
0 0.459473 0.473633 0.011719 0.014648
0 0.462891 0.460938 0.014648 0.007812
0 0.428223 0.573486 0.007812 0.017090
0 0.434570 0.424805 0.013672 0.008789
0 0.478516 0.573486 0.014648 0.011230
0 0.535889 0.514404 0.016113 0.010254
0 0.534180 0.559326 0.015625 0.011230
0 0.525146 0.662354 0.018066 0.012207
0 0.531006 0.695068 0.012207 0.016113
0 0.533936 0.742188 0.016113 0.009766
0 0.842773 0.274658 0.016602 0.007324
0 0.634277 0.363037 0.014648 0.007324
0 0.586914 0.341064 0.011719 0.008301
0 0.594727 0.410156 0.009766 0.015625
0 0.643066 0.384766 0.006836 0.016602
0 0.654541 0.365234 0.014160 0.009766
0 0.688232 0.463379 0.007324 0.019531
0 0.747559 0.399170 0.015625 0.009277
0 0.781250 0.390869 0.015625 0.011230
0 0.821045 0.391113 0.017090 0.007812
0 0.879883 0.353027 0.007812 0.015625
0 0.888916 0.415527 0.010254 0.014648
0 0.805664 0.479248 0.011719 0.013184
0 0.800781 0.594971 0.015625 0.006348
0 0.720703 0.539307 0.007812 0.017090
0 0.713623 0.553467 0.015137 0.009277
0 0.715332 0.583496 0.012695 0.013672
0 0.765381 0.648926 0.006348 0.018555
0 0.746094 0.656738 0.011719 0.011719
0 0.734375 0.652344 0.008789 0.017578
0 0.726807 0.676270 0.006348 0.016602
0 0.706787 0.684082 0.013184 0.011719
0 0.702393 0.721436 0.010254 0.014160
0 0.653076 0.724854 0.012207 0.014160
0 0.599854 0.717529 0.011230 0.015137
0 0.563721 0.675293 0.007324 0.016602
0 0.614258 0.572021 0.016602 0.012207
0 0.607422 0.531982 0.018555 0.007324
0 0.642578 0.429199 0.013672 0.013672
0 0.376221 0.580322 0.014160 0.009277
0 0.339844 0.565674 0.011719 0.012207
0 0.344727 0.649414 0.010742 0.016602
0 0.322021 0.659912 0.009277 0.015137
0 0.347412 0.685791 0.012207 0.015137
0 0.392334 0.669922 0.016113 0.010742
0 0.385742 0.655273 0.012695 0.012695
0 0.370850 0.610596 0.016113 0.012207
0 0.358643 0.628418 0.012207 0.017578
0 0.342285 0.628662 0.012695 0.013184
0 0.349854 0.596191 0.010254 0.015625
0 0.381836 0.718994 0.011719 0.013184
0 0.368652 0.711914 0.006836 0.014648
0 0.329102 0.811523 0.016602 0.008789
0 0.291016 0.688477 0.015625 0.009766
0 0.270752 0.723389 0.015137 0.010254
0 0.266357 0.775146 0.007324 0.018066
0 0.247803 0.804443 0.008301 0.016113
0 0.264404 0.982178 0.016113 0.007324
0 0.301270 0.944580 0.010742 0.015137
0 0.278809 0.835693 0.010742 0.014160
0 0.318359 0.833984 0.015625 0.007812
0 0.299561 0.743652 0.016113 0.010742
0 0.349609 0.901611 0.016602 0.008301
0 0.354980 0.936768 0.015625 0.007324
0 0.330811 0.884033 0.016113 0.006348
0 0.412109 0.796631 0.008789 0.016113
0 0.395264 0.734619 0.012207 0.015137
0 0.417236 0.756348 0.016113 0.007812
0 0.439209 0.774902 0.011230 0.013672
0 0.458740 0.772949 0.010254 0.010742
0 0.467529 0.805908 0.015137 0.010254
0 0.460205 0.874268 0.017090 0.009277
0 0.478271 0.899658 0.016113 0.010254
0 0.493408 0.922119 0.006348 0.016113
0 0.439209 0.974365 0.010254 0.014160
0 0.545410 0.909180 0.015625 0.009766
0 0.520020 0.949463 0.015625 0.008301
0 0.565430 0.980225 0.017578 0.008301
0 0.591797 0.955566 0.017578 0.007812
0 0.595215 0.927246 0.006836 0.015625
0 0.484619 0.782959 0.016113 0.007324
0 0.575195 0.766113 0.015625 0.008789
0 0.614014 0.747314 0.010254 0.013184
0 0.602783 0.772705 0.009277 0.015137
0 0.584717 0.784912 0.016113 0.010254
0 0.595459 0.821289 0.008301 0.016602
0 0.578857 0.874512 0.017090 0.008789
0 0.636230 0.947510 0.006836 0.016113
0 0.646484 0.977539 0.013672 0.013672
0 0.730469 0.930664 0.007812 0.015625
0 0.661865 0.787354 0.011230 0.017090
0 0.686523 0.798828 0.015625 0.007812
0 0.693848 0.790283 0.013672 0.010254
0 0.702393 0.773438 0.012207 0.011719
0 0.729980 0.772949 0.009766 0.015625
0 0.735840 0.802246 0.011719 0.015625
0 0.759766 0.805420 0.007812 0.017090
0 0.747559 0.861572 0.013672 0.009277
0 0.779053 0.835205 0.015137 0.011230
0 0.784424 0.938965 0.017090 0.006836
0 0.762451 0.933594 0.007324 0.017578
0 0.770996 0.982422 0.010742 0.013672
0 0.847656 0.962402 0.013672 0.011719
0 0.966797 0.931152 0.007812 0.014648
0 0.906982 0.850830 0.011230 0.013184
0 0.893555 0.863037 0.007812 0.016113
0 0.851074 0.837891 0.017578 0.007812
0 0.885742 0.904053 0.012695 0.008301
0 0.857666 0.894775 0.010254 0.012207
0 0.828857 0.834473 0.009277 0.016602
0 0.850342 0.802979 0.016113 0.009277
0 0.819092 0.789062 0.007324 0.015625
0 0.792725 0.761475 0.014160 0.012207
0 0.834473 0.737549 0.009766 0.015137
0 0.833740 0.682129 0.014160 0.011719
0 0.867432 0.702148 0.016113 0.009766
0 0.901123 0.610596 0.008301 0.016113
0 0.926758 0.647461 0.006836 0.014648
0 0.953125 0.660889 0.008789 0.017090
0 0.831543 0.506348 0.011719 0.013672
0 0.835449 0.494141 0.015625 0.009766
0 0.900391 0.464844 0.013672 0.008789
0 0.908447 0.486084 0.015137 0.007324
0 0.913330 0.496826 0.017090 0.007324
0 0.965088 0.487793 0.007324 0.014648
0 0.982666 0.393799 0.014160 0.014160
0 0.814209 0.983643 0.010254 0.011230
0 0.562012 0.708984 0.014648 0.010742
0 0.831299 0.406982 0.015137 0.007324
0 0.865234 0.546631 0.013672 0.012207
0 0.877930 0.562988 0.010742 0.016602
0 0.870361 0.582275 0.017090 0.008301
0 0.403809 0.482422 0.014648 0.006836
0 0.500488 0.383057 0.017578 0.009277
0 0.389404 0.031982 0.012207 0.014160
0 0.401367 0.505371 0.009766 0.017578
0 0.305908 0.550781 0.015137 0.013672
0 0.849609 0.681641 0.018555 0.007812
0 0.836426 0.645020 0.017578 0.006836
0 0.254883 0.590088 0.016602 0.008301
0 0.313721 0.557373 0.007324 0.018066
0 0.348633 0.577393 0.008789 0.017090
0 0.420410 0.610596 0.008789 0.012207
0 0.978760 0.674561 0.015137 0.014160
0 0.471191 0.400146 0.011719 0.014160
0 0.203857 0.570068 0.017090 0.010254
0 0.247559 0.739502 0.012695 0.014160
0 0.185547 0.969238 0.006836 0.015625
0 0.232422 0.931152 0.012695 0.007812
0 0.318848 0.817383 0.011719 0.013672
0 0.113037 0.995361 0.017090 0.009277
0 0.438232 0.834717 0.013184 0.011230
0 0.488770 0.791992 0.006836 0.015625
0 0.303467 0.672607 0.007324 0.016113
0 0.325439 0.876221 0.015137 0.008301
0 0.606689 0.941406 0.010254 0.014648
0 0.765625 0.754639 0.014648 0.013184
0 0.755859 0.682373 0.009766 0.013184
0 0.808594 0.925293 0.011719 0.014648
