0 0.971680 0.038818 0.010742 0.013184
0 0.858398 0.061768 0.006836 0.015137
0 0.790527 0.013672 0.013672 0.011719
0 0.762207 0.098633 0.005859 0.015625
0 0.728027 0.183594 0.011719 0.013672
0 0.840576 0.198486 0.014160 0.007324
0 0.877441 0.268311 0.007812 0.014160
0 0.897461 0.385498 0.011719 0.014160
0 0.889404 0.415771 0.014160 0.009277
0 0.920898 0.425537 0.015625 0.011230
0 0.954102 0.567627 0.007812 0.017090
0 0.901855 0.516846 0.005859 0.016113
0 0.834717 0.417725 0.018066 0.010254
0 0.838379 0.436035 0.014648 0.011719
0 0.819336 0.314453 0.015625 0.007812
0 0.816406 0.327881 0.014648 0.008301
0 0.791260 0.322021 0.008301 0.017090
0 0.766846 0.313232 0.014160 0.010254
0 0.792480 0.406006 0.014648 0.007324
0 0.700684 0.040283 0.008789 0.016113
0 0.668213 0.115967 0.014160 0.013184
0 0.636963 0.156006 0.010254 0.012207
0 0.656494 0.288330 0.016113 0.006348
0 0.638672 0.283203 0.014648 0.008789
0 0.643555 0.323730 0.008789 0.016602
0 0.678711 0.368408 0.009766 0.015137
0 0.645752 0.352783 0.015137 0.009277
0 0.534912 0.099609 0.007324 0.014648
0 0.536621 0.226562 0.007812 0.016602
0 0.470459 0.276611 0.017090 0.008301
0 0.350830 0.037354 0.007324 0.017090
0 0.392578 0.009521 0.016602 0.006348
0 0.349609 0.168701 0.016602 0.007324
0 0.417480 0.131836 0.016602 0.008789
0 0.427246 0.092041 0.015625 0.009277
0 0.483887 0.101074 0.009766 0.016602
0 0.519775 0.208984 0.013184 0.011719
0 0.476562 0.316162 0.008789 0.017090
0 0.415771 0.288330 0.015137 0.012207
0 0.236084 0.074219 0.006348 0.014648
0 0.196289 0.025146 0.016602 0.009277
0 0.104492 0.046875 0.015625 0.008789
0 0.045654 0.047363 0.008301 0.015625
0 0.126221 0.183350 0.015137 0.007324
0 0.191895 0.229248 0.007812 0.017090
0 0.189697 0.259766 0.009277 0.016602
0 0.128662 0.221191 0.017090 0.008789
0 0.067871 0.167725 0.007812 0.016113
0 0.045410 0.247803 0.006836 0.017090
0 0.015625 0.240723 0.012695 0.013672
0 0.066895 0.273682 0.007812 0.015137
0 0.166504 0.312256 0.013672 0.010254
0 0.170654 0.355713 0.013184 0.011230
0 0.185059 0.390625 0.013672 0.012695
0 0.167725 0.406494 0.007324 0.017090
0 0.268555 0.320801 0.008789 0.016602
0 0.286133 0.250244 0.006836 0.014160
0 0.295898 0.353027 0.010742 0.014648
0 0.351807 0.372559 0.017090 0.012695
0 0.345703 0.413086 0.016602 0.005859
0 0.240479 0.410400 0.011230 0.015137
0 0.276367 0.482910 0.015625 0.007812
0 0.039307 0.397217 0.007324 0.015137
0 0.083740 0.406494 0.016113 0.007324
0 0.041260 0.467529 0.016113 0.005371
0 0.061279 0.521240 0.015137 0.007324
0 0.116211 0.499756 0.015625 0.008301
0 0.111816 0.582764 0.011719 0.021973
0 0.085938 0.693115 0.012695 0.013184
0 0.096436 0.716064 0.015137 0.010254
0 0.074951 0.750488 0.007324 0.017578
0 0.170654 0.813965 0.017090 0.018555
0 0.177979 0.622070 0.014160 0.013672
0 0.172119 0.578125 0.013184 0.012695
0 0.168945 0.481934 0.009766 0.013672
0 0.196289 0.481445 0.010742 0.016602
0 0.199707 0.506592 0.015625 0.007324
0 0.236816 0.508057 0.014648 0.006348
0 0.264648 0.531250 0.009766 0.013672
0 0.251221 0.517090 0.016113 0.008789
0 0.247314 0.578613 0.015137 0.011719
0 0.231934 0.546875 0.008789 0.012695
0 0.225098 0.644775 0.012695 0.012207
0 0.250000 0.636963 0.015625 0.012207
0 0.265625 0.689941 0.008789 0.022461
0 0.244629 0.740723 0.009766 0.012695
0 0.194580 0.682861 0.014160 0.010254
0 0.155029 0.708252 0.014160 0.013184
0 0.183838 0.912354 0.007324 0.017090
0 0.099609 0.924072 0.015625 0.008301
0 0.032959 0.917725 0.009277 0.015137
0 0.153320 0.981201 0.007812 0.017090
0 0.192627 0.943848 0.010254 0.016602
0 0.251221 0.913818 0.016113 0.010254
0 0.260010 0.964111 0.013184 0.012207
0 0.242676 0.859863 0.015625 0.011719
0 0.305908 0.860596 0.010254 0.014160
0 0.335449 0.869629 0.016602 0.007812
0 0.336914 0.967529 0.012695 0.014160
0 0.391602 0.929199 0.018555 0.006836
0 0.333496 0.942627 0.016602 0.008301
0 0.350098 0.939941 0.016602 0.008789
0 0.336426 0.800781 0.013672 0.009766
0 0.322998 0.805908 0.015137 0.009277
0 0.291504 0.773193 0.014648 0.010254
0 0.303223 0.763184 0.013672 0.014648
0 0.322754 0.757324 0.006836 0.017578
0 0.326172 0.736328 0.015625 0.007812
0 0.291992 0.657715 0.010742 0.016602
0 0.303711 0.617188 0.015625 0.007812
0 0.317383 0.568604 0.007812 0.017090
0 0.343750 0.620605 0.007812 0.016602
0 0.304932 0.475098 0.013184 0.013672
0 0.311768 0.499268 0.009277 0.015137
0 0.324707 0.462891 0.016602 0.007812
0 0.427490 0.483887 0.008301 0.014648
0 0.386475 0.491455 0.015137 0.007324
0 0.402344 0.583252 0.012695 0.013184
0 0.385742 0.579102 0.012695 0.012695
0 0.340088 0.552002 0.012207 0.012207
0 0.369873 0.529053 0.014160 0.012207
0 0.338867 0.493164 0.009766 0.021484
0 0.341064 0.516113 0.016113 0.011719
0 0.391602 0.637451 0.017578 0.012207
0 0.408203 0.678711 0.016602 0.006836
0 0.389893 0.761475 0.018066 0.018066
0 0.412109 0.742920 0.013672 0.010254
0 0.409180 0.704590 0.005859 0.019531
0 0.396484 0.733398 0.009766 0.016602
0 0.434082 0.916504 0.006836 0.016602
0 0.500000 0.966309 0.011719 0.013672
0 0.487549 0.839355 0.018066 0.006836
0 0.474609 0.828125 0.014648 0.013672
0 0.471924 0.801514 0.016113 0.007324
0 0.444092 0.770752 0.007324 0.013184
0 0.457520 0.732910 0.017578 0.007812
0 0.444092 0.693115 0.014160 0.013184
0 0.454346 0.701416 0.006348 0.016113
0 0.466553 0.713135 0.016113 0.008301
0 0.488770 0.720215 0.007812 0.015625
0 0.450928 0.201416 0.008301 0.016113
0 0.397949 0.383545 0.014648 0.011230
0 0.395020 0.405029 0.017578 0.006348
0 0.383057 0.331055 0.007324 0.015625
0 0.375244 0.371582 0.009277 0.015625
0 0.447998 0.382324 0.016113 0.008789
0 0.440430 0.410156 0.013672 0.012695
0 0.470215 0.401611 0.011719 0.015137
0 0.402588 0.322998 0.007324 0.015137
0 0.520752 0.395264 0.013184 0.009277
0 0.525879 0.434570 0.011719 0.007812
0 0.490967 0.424316 0.015137 0.008789
0 0.466309 0.496582 0.012695 0.006836
0 0.507568 0.466309 0.016113 0.006836
0 0.426758 0.518066 0.011719 0.015625
0 0.539062 0.477051 0.013672 0.013672
0 0.593506 0.335449 0.009277 0.016602
0 0.592529 0.259033 0.014160 0.010254
0 0.597656 0.464111 0.007812 0.017090
0 0.619385 0.462402 0.017090 0.009766
0 0.612305 0.494873 0.017578 0.011230
0 0.595947 0.614258 0.006348 0.017578
0 0.601807 0.652832 0.013184 0.014648
0 0.578125 0.648193 0.013672 0.013184
0 0.563721 0.653809 0.011230 0.014648
0 0.556885 0.670654 0.007324 0.017090
0 0.540283 0.667969 0.014160 0.011719
0 0.594482 0.684326 0.018066 0.008301
0 0.598633 0.711426 0.016602 0.007812
0 0.594482 0.748535 0.009277 0.014648
0 0.567139 0.767822 0.008301 0.015137
0 0.568115 0.792969 0.017090 0.006836
0 0.529785 0.826416 0.016602 0.006348
0 0.525146 0.869629 0.011230 0.011719
0 0.545410 0.935059 0.011719 0.013672
0 0.582275 0.910400 0.014160 0.011230
0 0.587402 0.841797 0.009766 0.014648
0 0.635498 0.873291 0.007324 0.016113
0 0.653320 0.920898 0.008789 0.015625
0 0.521973 0.625488 0.018555 0.008789
0 0.679199 0.660156 0.016602 0.009766
0 0.684814 0.684082 0.014160 0.015625
0 0.650635 0.724121 0.008301 0.017578
0 0.729248 0.866455 0.009277 0.016113
0 0.759766 0.794678 0.008789 0.015137
0 0.725342 0.713379 0.013184 0.013672
0 0.712402 0.727295 0.017578 0.007324
0 0.773193 0.555908 0.012207 0.012207
0 0.720703 0.523438 0.006836 0.016602
0 0.719482 0.462891 0.006348 0.014648
0 0.726074 0.475342 0.016602 0.008301
0 0.823975 0.598389 0.012207 0.007324
0 0.835938 0.640137 0.006836 0.017578
0 0.811279 0.692139 0.017090 0.007324
0 0.773438 0.675049 0.018555 0.007324
0 0.762207 0.715820 0.010742 0.014648
0 0.745850 0.711426 0.015137 0.009766
0 0.733398 0.574951 0.008789 0.017090
0 0.796875 0.760254 0.016602 0.007812
0 0.822998 0.772705 0.012207 0.014160
0 0.861084 0.774170 0.012207 0.014160
0 0.776611 0.867188 0.020020 0.011719
0 0.762207 0.863770 0.006836 0.018555
0 0.783691 0.898438 0.016602 0.010742
0 0.810059 0.898926 0.007812 0.013672
0 0.729492 0.977295 0.007812 0.017090
0 0.865234 0.822754 0.016602 0.007812
0 0.885010 0.823242 0.009277 0.011719
0 0.879639 0.628662 0.015137 0.010254
0 0.587646 0.874512 0.015137 0.009766
0 0.572021 0.882080 0.017090 0.010254
0 0.801270 0.990479 0.013672 0.014160
0 0.970947 0.873047 0.008301 0.016602
0 0.908447 0.939209 0.009277 0.016113
0 0.893066 0.797852 0.008789 0.014648
0 0.919434 0.792969 0.010742 0.014648
0 0.727539 0.609863 0.006836 0.017578
0 0.986816 0.315918 0.011719 0.015625
0 0.963623 0.412109 0.006348 0.015625
0 0.935547 0.556152 0.008789 0.013672
0 0.879883 0.512207 0.015625 0.009766
0 0.868652 0.508789 0.007812 0.017578
0 0.874756 0.479004 0.008301 0.014648
0 0.845215 0.566650 0.014648 0.006348
0 0.725098 0.125732 0.011719 0.013184
0 0.737793 0.339111 0.015625 0.005371
0 0.519287 0.126465 0.013184 0.007812
0 0.505371 0.309570 0.014648 0.011719
0 0.644287 0.049316 0.016113 0.007812
0 0.431885 0.187256 0.012207 0.014160
0 0.401611 0.428467 0.010254 0.015137
0 0.429688 0.341309 0.017578 0.006836
0 0.433594 0.351074 0.010742 0.009766
0 0.400879 0.335205 0.015625 0.008301
0 0.328857 0.180176 0.017090 0.006836
0 0.238281 0.009521 0.014648 0.010254
0 0.341309 0.527344 0.015625 0.007812
0 0.352539 0.530762 0.014648 0.007812
0 0.351318 0.554932 0.016113 0.011230
0 0.350830 0.566650 0.012207 0.016113
0 0.262207 0.548096 0.007812 0.016113
0 0.243164 0.550293 0.006836 0.013672
0 0.153320 0.005371 0.017578 0.008789
0 0.123779 0.081055 0.007324 0.015625
0 0.081055 0.430908 0.012695 0.008301
0 0.123535 0.783203 0.018555 0.009766
0 0.155029 0.718018 0.010254 0.012207
0 0.162354 0.590576 0.007324 0.018066
0 0.240967 0.669678 0.014160 0.011230
0 0.169434 0.987793 0.018555 0.006836
0 0.394043 0.637695 0.008789 0.021484
0 0.500977 0.852783 0.007812 0.018066
0 0.550049 0.982178 0.014160 0.015137
0 0.573242 0.805664 0.008789 0.017578
0 0.583252 0.802734 0.008301 0.017578
0 0.530762 0.590332 0.014648 0.010742
0 0.595459 0.815918 0.012207 0.014648
0 0.657959 0.636230 0.013184 0.011719
0 0.706055 0.964111 0.014648 0.009277
0 0.704346 0.718750 0.013184 0.011719
0 0.742432 0.584229 0.012207 0.013184
0 0.766846 0.615967 0.010254 0.015137
0 0.757568 0.676270 0.012207 0.013672
0 0.763428 0.663574 0.011230 0.015625
0 0.836670 0.605225 0.015137 0.008301
0 0.989990 0.608398 0.013184 0.012695
0 0.865967 0.731445 0.014160 0.008789
