0 0.814697 0.025146 0.010254 0.017090
0 0.805664 0.118652 0.014648 0.011719
0 0.795166 0.161621 0.015137 0.010742
0 0.864258 0.203857 0.009766 0.015137
0 0.656494 0.038330 0.016113 0.008301
0 0.631104 0.011719 0.018066 0.008789
0 0.694092 0.115234 0.008301 0.015625
0 0.689453 0.160156 0.007812 0.019531
0 0.666748 0.119141 0.015137 0.012695
0 0.645996 0.133545 0.014648 0.011230
0 0.621338 0.191895 0.019043 0.008789
0 0.765137 0.271729 0.006836 0.015137
0 0.722412 0.281250 0.018066 0.007812
0 0.658447 0.285645 0.010254 0.016602
0 0.641113 0.290283 0.013672 0.011230
0 0.695312 0.355225 0.012695 0.013184
0 0.844238 0.350098 0.015625 0.008789
0 0.879883 0.440918 0.007812 0.015625
0 0.892090 0.496826 0.007812 0.019043
0 0.903320 0.540771 0.009766 0.011230
0 0.818115 0.541992 0.007324 0.013672
0 0.833984 0.480713 0.015625 0.008301
0 0.821289 0.466309 0.019531 0.007812
0 0.774170 0.457031 0.007324 0.016602
0 0.738770 0.476318 0.016602 0.010254
0 0.690918 0.563477 0.011719 0.015625
0 0.652588 0.441650 0.016113 0.009277
0 0.647949 0.452393 0.014648 0.010254
0 0.621582 0.442871 0.015625 0.011719
0 0.583252 0.419189 0.010254 0.011230
0 0.537354 0.252197 0.011230 0.010254
0 0.526611 0.099121 0.007324 0.015625
0 0.518555 0.118896 0.015625 0.008301
0 0.485352 0.234375 0.008789 0.017578
0 0.413574 0.092773 0.012695 0.010742
0 0.411621 0.158691 0.009766 0.016602
0 0.393066 0.071289 0.010742 0.022461
0 0.350098 0.012939 0.016602 0.007324
0 0.301514 0.031738 0.007324 0.015625
0 0.314941 0.101807 0.012695 0.008301
0 0.281494 0.123291 0.007324 0.018066
0 0.354004 0.157471 0.011719 0.011230
0 0.379639 0.312256 0.015137 0.008301
0 0.311279 0.321289 0.015137 0.008789
0 0.271729 0.387451 0.017090 0.011230
0 0.251709 0.148682 0.015137 0.007324
0 0.245117 0.165039 0.007812 0.012695
0 0.242676 0.197021 0.012695 0.011230
0 0.181396 0.154785 0.016113 0.009766
0 0.113281 0.053955 0.011719 0.014160
0 0.096680 0.106445 0.015625 0.007812
0 0.081299 0.141846 0.015137 0.007324
0 0.029053 0.131348 0.014160 0.010742
0 0.095215 0.204346 0.013672 0.010254
0 0.118896 0.237793 0.011230 0.013672
0 0.087891 0.221680 0.006836 0.018555
0 0.054688 0.223389 0.008789 0.015137
0 0.015137 0.260254 0.015625 0.006836
0 0.069092 0.330078 0.012207 0.012695
0 0.044434 0.389404 0.008789 0.017090
0 0.026367 0.376465 0.013672 0.013672
0 0.018311 0.395508 0.017090 0.006836
0 0.067139 0.449951 0.007324 0.015137
0 0.027344 0.511963 0.006836 0.017090
0 0.062256 0.567871 0.015137 0.006836
0 0.059082 0.579102 0.011719 0.011719
0 0.074219 0.634766 0.015625 0.007812
0 0.095703 0.671875 0.016602 0.009766
0 0.043945 0.742920 0.008789 0.015137
0 0.119385 0.761230 0.011230 0.010742
0 0.116699 0.832275 0.015625 0.010254
0 0.115234 0.856201 0.011719 0.015137
0 0.083008 0.877441 0.017578 0.006836
0 0.139404 0.922852 0.016113 0.011719
0 0.172363 0.731201 0.015625 0.009277
0 0.157471 0.738525 0.011230 0.013184
0 0.172119 0.864746 0.012207 0.013672
0 0.201172 0.944824 0.013672 0.010742
0 0.230225 0.854004 0.017090 0.007812
0 0.226074 0.804199 0.011719 0.009766
0 0.279785 0.741455 0.015625 0.008301
0 0.251465 0.687988 0.012695 0.011719
0 0.271729 0.632080 0.013184 0.013184
0 0.256348 0.618408 0.008789 0.013184
0 0.181396 0.629639 0.008301 0.015137
0 0.143066 0.657715 0.016602 0.006836
0 0.166016 0.578613 0.007812 0.015625
0 0.157227 0.485840 0.009766 0.013672
0 0.191406 0.520508 0.015625 0.007812
0 0.213379 0.531006 0.016602 0.007324
0 0.248047 0.535156 0.008789 0.018555
0 0.279053 0.523193 0.015137 0.009277
0 0.264648 0.461426 0.011719 0.016602
0 0.176270 0.428467 0.012695 0.014160
0 0.186523 0.342041 0.008789 0.018066
0 0.280029 0.761230 0.017090 0.008789
0 0.288574 0.803467 0.016602 0.008301
0 0.266357 0.858643 0.006348 0.018066
0 0.253418 0.859375 0.014648 0.011719
0 0.269043 0.899658 0.016602 0.007324
0 0.323486 0.753174 0.012207 0.012207
0 0.312256 0.578369 0.017090 0.009277
0 0.343750 0.607910 0.015625 0.011719
0 0.365234 0.605713 0.015625 0.009277
0 0.377197 0.572510 0.007324 0.017090
0 0.394531 0.569092 0.009766 0.018066
0 0.393066 0.537842 0.015625 0.011230
0 0.393066 0.514648 0.007812 0.017578
0 0.391602 0.482666 0.012695 0.014160
0 0.455566 0.328857 0.010742 0.016113
0 0.447998 0.454346 0.015137 0.009277
0 0.422363 0.547363 0.015625 0.010742
0 0.448486 0.542969 0.008301 0.015625
0 0.221680 0.655762 0.015625 0.011719
0 0.336182 0.975830 0.017090 0.007324
0 0.333740 0.954834 0.018066 0.007324
0 0.331055 0.883301 0.016602 0.007812
0 0.335205 0.904541 0.018066 0.007324
0 0.316895 0.824463 0.015625 0.009277
0 0.344971 0.726562 0.011230 0.017578
0 0.349365 0.758057 0.016113 0.013184
0 0.379395 0.793945 0.010742 0.011719
0 0.375000 0.766357 0.011719 0.016113
0 0.388672 0.747803 0.016602 0.009277
0 0.386230 0.729736 0.015625 0.015137
0 0.386230 0.702393 0.009766 0.011230
0 0.362549 0.698486 0.008301 0.017090
0 0.428223 0.662109 0.008789 0.013672
0 0.419189 0.693115 0.009277 0.016113
0 0.375732 0.651123 0.014160 0.014160
0 0.354980 0.639893 0.015625 0.010254
0 0.354980 0.656494 0.016602 0.010254
0 0.405762 0.888184 0.011719 0.014648
0 0.383057 0.912842 0.012207 0.012207
0 0.451660 0.940918 0.014648 0.010742
0 0.493896 0.854248 0.018066 0.007324
0 0.487549 0.879395 0.010254 0.014648
0 0.481201 0.972412 0.015137 0.010254
0 0.430664 0.882324 0.020508 0.007812
0 0.489258 0.636230 0.013672 0.012695
0 0.467285 0.571045 0.013672 0.010254
0 0.479248 0.543213 0.015137 0.011230
0 0.460938 0.489990 0.007812 0.019043
0 0.489014 0.459717 0.015137 0.010254
0 0.524902 0.413330 0.007812 0.019043
0 0.547363 0.561035 0.014648 0.007812
0 0.553223 0.599121 0.015625 0.007812
0 0.531250 0.627930 0.011719 0.013672
0 0.525391 0.639648 0.016602 0.009766
0 0.534668 0.762207 0.010742 0.019531
0 0.546875 0.779541 0.013672 0.010254
0 0.551758 0.800049 0.010742 0.016113
0 0.527100 0.816162 0.017090 0.007324
0 0.573486 0.855957 0.012207 0.015625
0 0.596680 0.888184 0.006836 0.018555
0 0.571777 0.925293 0.019531 0.008789
0 0.577637 0.958740 0.010742 0.017090
0 0.552002 0.985107 0.011230 0.013184
0 0.610840 0.970215 0.014648 0.007812
0 0.621582 0.830811 0.010742 0.014160
0 0.613770 0.812988 0.009766 0.012695
0 0.638184 0.811279 0.019531 0.006348
0 0.668701 0.844238 0.010254 0.017578
0 0.684326 0.871338 0.010254 0.015137
0 0.707764 0.858398 0.008301 0.017578
0 0.688965 0.747314 0.017578 0.007324
0 0.621826 0.651367 0.008301 0.016602
0 0.601074 0.616943 0.015625 0.010254
0 0.603760 0.639893 0.010254 0.013184
0 0.594971 0.499512 0.007324 0.017578
0 0.710693 0.653320 0.011230 0.015625
0 0.699219 0.633057 0.017578 0.010254
0 0.721436 0.615967 0.009277 0.017090
0 0.730713 0.739014 0.010254 0.012207
0 0.747803 0.732178 0.011230 0.013184
0 0.762451 0.743896 0.008301 0.015137
0 0.710938 0.785645 0.012695 0.014648
0 0.736084 0.836426 0.010254 0.013672
0 0.732422 0.874023 0.010742 0.015625
0 0.730713 0.896484 0.008301 0.017578
0 0.740967 0.933350 0.015137 0.008301
0 0.764893 0.921143 0.016113 0.008301
0 0.763672 0.898193 0.007812 0.017090
0 0.752930 0.834473 0.010742 0.015625
0 0.772949 0.840332 0.007812 0.014648
0 0.778320 0.827393 0.017578 0.007324
0 0.825928 0.824951 0.011230 0.014160
0 0.825928 0.793945 0.017090 0.006836
0 0.840088 0.762451 0.015137 0.010254
0 0.862305 0.772949 0.009766 0.015625
0 0.862305 0.759521 0.015625 0.008301
0 0.822266 0.716797 0.016602 0.008789
0 0.792969 0.697754 0.015625 0.007812
0 0.811279 0.671631 0.013184 0.014160
0 0.852539 0.957031 0.014648 0.009766
0 0.832031 0.915527 0.014648 0.012695
0 0.831299 0.896484 0.007324 0.015625
0 0.823486 0.875488 0.007324 0.015625
0 0.836670 0.870850 0.015137 0.012207
0 0.855713 0.616455 0.015137 0.011230
0 0.862549 0.659912 0.013184 0.013184
0 0.902588 0.570312 0.017090 0.007812
0 0.923340 0.560547 0.015625 0.006836
0 0.923584 0.580078 0.011230 0.013672
0 0.965820 0.562988 0.007812 0.015625
0 0.897217 0.694580 0.008301 0.015137
0 0.923828 0.735596 0.008789 0.016113
0 0.951416 0.748535 0.007324 0.016602
0 0.890869 0.921875 0.009277 0.014648
0 0.967285 0.988770 0.013672 0.017578
0 0.859863 0.004395 0.016602 0.005859
0 0.836182 0.570068 0.016113 0.010254
0 0.782959 0.018799 0.009277 0.011230
0 0.751709 0.500000 0.015137 0.011719
0 0.531738 0.382324 0.007812 0.018555
0 0.513916 0.281494 0.007324 0.017090
0 0.442139 0.250244 0.012207 0.013184
0 0.429443 0.279541 0.013184 0.013184
0 0.434326 0.501953 0.015137 0.007812
0 0.390869 0.106445 0.012207 0.014648
0 0.338867 0.330811 0.007812 0.017090
0 0.402832 0.478760 0.007812 0.017090
0 0.129639 0.099854 0.015137 0.006348
0 0.124512 0.024170 0.014648 0.012207
0 0.013428 0.610107 0.009277 0.018066
0 0.192871 0.747314 0.007812 0.018066
0 0.175049 0.612549 0.010254 0.014160
0 0.010742 0.963867 0.014648 0.006836
0 0.189941 0.992188 0.013672 0.014648
0 0.253906 0.808105 0.011719 0.013672
0 0.268311 0.722412 0.015137 0.010254
0 0.312256 0.627441 0.012207 0.015625
0 0.356934 0.664062 0.014648 0.005859
0 0.347656 0.667236 0.008789 0.014160
0 0.298584 0.758789 0.013184 0.012695
0 0.432373 0.896973 0.008301 0.015625
0 0.488770 0.864990 0.010742 0.014160
0 0.521729 0.734131 0.013184 0.014160
0 0.593750 0.956299 0.015625 0.013184
0 0.514404 0.984131 0.013184 0.015137
0 0.735352 0.717773 0.015625 0.013672
0 0.750977 0.753906 0.011719 0.012695
0 0.760254 0.837646 0.008789 0.018066
0 0.886475 0.644043 0.013184 0.015625
0 0.966797 0.744141 0.016602 0.010742
0 0.977783 0.476562 0.018066 0.009766
0 0.990723 0.537354 0.011719 0.014160
