0 0.974121 0.074219 0.010742 0.013672
0 0.859863 0.092773 0.006836 0.015625
0 0.792725 0.049072 0.013184 0.011230
0 0.802246 0.007568 0.012695 0.012207
0 0.762939 0.137451 0.008301 0.013184
0 0.721680 0.227295 0.015625 0.007324
0 0.879395 0.310547 0.006836 0.015625
0 0.897949 0.425049 0.013672 0.010254
0 0.984619 0.354980 0.011230 0.015625
0 0.964600 0.448730 0.007324 0.013672
0 0.900391 0.448242 0.012695 0.006836
0 0.823242 0.364258 0.012695 0.007812
0 0.819336 0.351807 0.016602 0.008301
0 0.788330 0.355225 0.012207 0.011230
0 0.755859 0.354492 0.011719 0.012695
0 0.684082 0.414795 0.009766 0.016113
0 0.798828 0.439453 0.014648 0.008789
0 0.834717 0.455322 0.017090 0.010254
0 0.832275 0.470215 0.012207 0.014648
0 0.725830 0.163818 0.011230 0.015137
0 0.700439 0.066650 0.011230 0.015137
0 0.672119 0.025635 0.006348 0.018066
0 0.636475 0.081787 0.014160 0.010254
0 0.663330 0.157715 0.008301 0.017578
0 0.644775 0.188232 0.008301 0.013184
0 0.505371 0.018799 0.010742 0.012207
0 0.486816 0.133789 0.007812 0.015625
0 0.536377 0.137939 0.009277 0.011230
0 0.524658 0.249756 0.010254 0.014160
0 0.530273 0.271484 0.007812 0.015625
0 0.589355 0.300049 0.013672 0.009277
0 0.654297 0.324951 0.013672 0.009277
0 0.636230 0.322754 0.013672 0.007812
0 0.644775 0.356934 0.008301 0.017578
0 0.593994 0.372314 0.008301 0.016113
0 0.524902 0.436035 0.012695 0.013672
0 0.531494 0.471924 0.012207 0.012207
0 0.537354 0.515381 0.013184 0.014160
0 0.520752 0.508545 0.012207 0.010254
0 0.484375 0.459229 0.017578 0.006348
0 0.462646 0.434570 0.012207 0.014648
0 0.459961 0.419678 0.013672 0.008301
0 0.434570 0.386963 0.010742 0.008301
0 0.472656 0.358643 0.013672 0.015137
0 0.465820 0.317383 0.012695 0.013672
0 0.453613 0.234619 0.007812 0.015137
0 0.432617 0.224121 0.014648 0.015625
0 0.427002 0.130371 0.017090 0.009766
0 0.421631 0.169922 0.016113 0.011719
0 0.353271 0.062988 0.007324 0.017578
0 0.398682 0.045898 0.016113 0.007812
0 0.354736 0.202637 0.017090 0.008789
0 0.327637 0.216064 0.015625 0.007324
0 0.287598 0.284424 0.007812 0.016113
0 0.267090 0.354492 0.009766 0.014648
0 0.293945 0.397461 0.012695 0.014648
0 0.365234 0.418701 0.014648 0.013184
0 0.377930 0.413574 0.009766 0.014648
0 0.406494 0.427246 0.009277 0.011719
0 0.384521 0.375244 0.007324 0.017090
0 0.401367 0.360840 0.006836 0.016602
0 0.409424 0.328125 0.014160 0.007812
0 0.427979 0.528564 0.007324 0.015137
0 0.424072 0.564941 0.012207 0.013672
0 0.472168 0.533691 0.014648 0.009766
0 0.283447 0.030029 0.015137 0.017090
0 0.236084 0.104004 0.006348 0.012695
0 0.200928 0.062256 0.016113 0.006348
0 0.160400 0.041992 0.018066 0.007812
0 0.102539 0.083984 0.013672 0.013672
0 0.046631 0.091309 0.007324 0.016602
0 0.018066 0.271729 0.012695 0.012207
0 0.045166 0.281006 0.009277 0.016113
0 0.118652 0.222168 0.013672 0.011719
0 0.132080 0.257568 0.015137 0.008301
0 0.190918 0.257812 0.005859 0.016602
0 0.185547 0.303223 0.008789 0.017578
0 0.159424 0.358643 0.010254 0.011230
0 0.176025 0.396729 0.013184 0.011230
0 0.168701 0.447998 0.007324 0.017090
0 0.194580 0.419434 0.015137 0.009766
0 0.243896 0.442627 0.011230 0.015137
0 0.270752 0.519287 0.017090 0.007324
0 0.239990 0.544678 0.019043 0.008301
0 0.253174 0.552979 0.016113 0.006348
0 0.263916 0.571289 0.014160 0.009766
0 0.227295 0.578613 0.013184 0.008789
0 0.191895 0.538818 0.007812 0.013184
0 0.199951 0.525146 0.012207 0.015137
0 0.170166 0.511719 0.009277 0.012695
0 0.125732 0.542480 0.024902 0.011719
0 0.071289 0.557373 0.014648 0.007324
0 0.052246 0.508789 0.014648 0.009766
0 0.079590 0.466064 0.014648 0.006348
0 0.074707 0.447266 0.014648 0.011719
0 0.036865 0.423340 0.008301 0.013672
0 0.068604 0.208984 0.007324 0.015625
0 0.331787 0.498535 0.017090 0.008789
0 0.305664 0.511719 0.013672 0.013672
0 0.311768 0.527588 0.007324 0.016113
0 0.338623 0.526367 0.012207 0.013672
0 0.319824 0.614258 0.006836 0.018555
0 0.298584 0.624268 0.008301 0.017090
0 0.250732 0.614746 0.013184 0.013672
0 0.172607 0.616455 0.015137 0.007324
0 0.165527 0.628906 0.007812 0.015625
0 0.186279 0.651855 0.013184 0.011719
0 0.222168 0.687744 0.007812 0.017090
0 0.204346 0.724609 0.013184 0.013672
0 0.095215 0.724854 0.014648 0.011230
0 0.102783 0.751221 0.012207 0.013184
0 0.079102 0.781250 0.006836 0.016602
0 0.245605 0.772217 0.009766 0.015137
0 0.264160 0.730469 0.006836 0.015625
0 0.259033 0.678467 0.012207 0.013184
0 0.292725 0.697998 0.010254 0.015137
0 0.296143 0.652832 0.013184 0.008789
0 0.344238 0.648193 0.010742 0.016113
0 0.347900 0.606201 0.011230 0.014160
0 0.342285 0.589600 0.012695 0.013184
0 0.385254 0.615234 0.012695 0.012695
0 0.399170 0.627930 0.018066 0.008789
0 0.372803 0.569580 0.014160 0.012207
0 0.356201 0.588135 0.014160 0.014160
0 0.388428 0.681396 0.017090 0.007324
0 0.412354 0.716309 0.014160 0.006836
0 0.410400 0.749756 0.007324 0.014160
0 0.327637 0.773438 0.014648 0.010742
0 0.324219 0.787598 0.012695 0.013672
0 0.305664 0.797852 0.016602 0.008789
0 0.282471 0.807129 0.010254 0.014648
0 0.160156 0.742676 0.013672 0.008789
0 0.111572 0.625977 0.007324 0.017578
0 0.184570 0.939453 0.006836 0.015625
0 0.197754 0.973633 0.011719 0.011719
0 0.195068 0.897461 0.008301 0.016602
0 0.240967 0.888428 0.015137 0.008301
0 0.258301 0.947510 0.014648 0.010254
0 0.343994 0.901855 0.015137 0.007812
0 0.304932 0.903809 0.009277 0.016602
0 0.335449 0.977783 0.015625 0.006348
0 0.389160 0.963623 0.018555 0.007324
0 0.326416 0.843994 0.016113 0.006348
0 0.399902 0.793457 0.016602 0.009766
0 0.420166 0.774902 0.014160 0.007812
0 0.441406 0.799316 0.007812 0.012695
0 0.465332 0.838135 0.016602 0.007324
0 0.475342 0.862549 0.016113 0.008301
0 0.489502 0.876953 0.014160 0.008789
0 0.441895 0.734131 0.012695 0.011230
0 0.455322 0.736816 0.007324 0.016602
0 0.479004 0.745605 0.015625 0.008789
0 0.489258 0.755127 0.005859 0.013184
0 0.539551 0.865723 0.014648 0.010742
0 0.521973 0.908447 0.014648 0.007324
0 0.555664 0.969971 0.012695 0.013184
0 0.438477 0.944092 0.006836 0.017090
0 0.527832 0.660400 0.016602 0.009277
0 0.525635 0.625000 0.014160 0.011719
0 0.613525 0.531494 0.016113 0.012207
0 0.614746 0.496338 0.016602 0.009277
0 0.596680 0.511719 0.007812 0.015625
0 0.597412 0.670166 0.007324 0.015137
0 0.568848 0.676270 0.010742 0.013672
0 0.592773 0.749512 0.016602 0.006836
0 0.584229 0.725342 0.015137 0.010254
0 0.558838 0.701660 0.005371 0.016602
0 0.610107 0.701172 0.010254 0.012695
0 0.658691 0.754150 0.009766 0.014160
0 0.594971 0.784424 0.006348 0.014160
0 0.576416 0.829834 0.013184 0.011230
0 0.569336 0.809326 0.006836 0.014160
0 0.574951 0.943359 0.018066 0.006836
0 0.581299 0.917480 0.016113 0.007812
0 0.590820 0.883789 0.008789 0.013672
0 0.596680 0.907227 0.014648 0.010742
0 0.636230 0.909668 0.006836 0.016602
0 0.650391 0.945068 0.009766 0.014160
0 0.731934 0.895508 0.005859 0.014648
0 0.654297 0.679932 0.007812 0.017090
0 0.692871 0.691895 0.009766 0.010742
0 0.695801 0.727539 0.014648 0.013672
0 0.752441 0.823730 0.013672 0.008789
0 0.759277 0.895020 0.005859 0.015625
0 0.781250 0.902100 0.015625 0.006348
0 0.720703 0.499756 0.005859 0.016113
0 0.719482 0.513184 0.016113 0.005859
0 0.717529 0.549561 0.012207 0.012207
0 0.767090 0.600586 0.009766 0.015625
0 0.733398 0.612549 0.007812 0.019043
0 0.761475 0.645508 0.012207 0.010742
0 0.728760 0.645020 0.006348 0.018555
0 0.759277 0.759766 0.006836 0.017578
0 0.724121 0.742920 0.007812 0.015137
0 0.789795 0.792725 0.016113 0.012207
0 0.799561 0.727051 0.016113 0.010742
0 0.770508 0.709961 0.011719 0.012695
0 0.812500 0.939941 0.009766 0.012695
0 0.863281 0.858398 0.015625 0.006836
0 0.883545 0.863525 0.012207 0.010254
0 0.852783 0.804932 0.012207 0.013184
0 0.827393 0.801758 0.008301 0.015625
0 0.866699 0.767822 0.014648 0.006348
0 0.835449 0.688232 0.005859 0.017090
0 0.875244 0.668213 0.017090 0.006348
0 0.719238 0.644287 0.015625 0.010254
0 0.841797 0.604004 0.015625 0.007812
0 0.828613 0.638428 0.008789 0.011230
0 0.852783 0.920166 0.013184 0.010254
0 0.894043 0.829102 0.007812 0.016602
0 0.916504 0.819580 0.011719 0.013184
0 0.916992 0.460449 0.015625 0.010742
0 0.901855 0.561768 0.007812 0.017090
0 0.875000 0.544922 0.015625 0.006836
0 0.929932 0.601562 0.008301 0.014648
0 0.842041 0.235107 0.015137 0.006348
0 0.874023 0.405518 0.008789 0.013184
0 0.875488 0.516846 0.008789 0.015137
0 0.686768 0.009521 0.013184 0.011230
0 0.640381 0.024902 0.014160 0.012695
0 0.642578 0.389160 0.010742 0.014648
0 0.519287 0.163574 0.012207 0.012695
0 0.500000 0.343506 0.016602 0.008301
0 0.400635 0.374023 0.016113 0.006836
0 0.430664 0.378906 0.017578 0.007812
0 0.402100 0.443604 0.016113 0.005371
0 0.402832 0.465088 0.010742 0.015137
0 0.388428 0.526367 0.019043 0.006836
0 0.340332 0.451904 0.015625 0.007324
0 0.246338 0.052734 0.008301 0.010742
0 0.240967 0.044434 0.012207 0.010742
0 0.121094 0.114746 0.006836 0.018555
0 0.078369 0.020996 0.009277 0.017578
0 0.066895 0.317871 0.007812 0.014648
0 0.021729 0.014404 0.014160 0.014160
0 0.104736 0.957520 0.015137 0.006836
0 0.212891 0.537354 0.015625 0.009277
0 0.242676 0.582764 0.007812 0.016113
0 0.262939 0.587891 0.006348 0.014648
0 0.329590 0.838379 0.013672 0.005859
0 0.342041 0.541260 0.015137 0.011230
0 0.346436 0.560791 0.012207 0.010254
0 0.355225 0.565430 0.018066 0.006836
0 0.354980 0.975586 0.018555 0.011719
0 0.369629 0.674316 0.006836 0.013672
0 0.396973 0.686523 0.006836 0.019531
0 0.393066 0.781006 0.008789 0.019043
0 0.462158 0.769287 0.017090 0.010254
0 0.503906 0.884766 0.007812 0.018555
0 0.537598 0.705322 0.013672 0.013184
0 0.562012 0.629150 0.007812 0.018066
0 0.566406 0.695312 0.014648 0.011719
0 0.597656 0.731934 0.015625 0.012695
0 0.573975 0.843262 0.007324 0.017578
0 0.584961 0.844482 0.009766 0.015137
0 0.600342 0.855469 0.016113 0.011719
0 0.703857 0.757812 0.019043 0.007812
0 0.738281 0.756348 0.012695 0.012695
0 0.745117 0.619141 0.011719 0.012695
0 0.757080 0.713867 0.012207 0.013672
0 0.774414 0.941895 0.012695 0.007812
0 0.842529 0.643311 0.014160 0.006348
0 0.868164 0.508057 0.011719 0.010254
0 0.909424 0.984131 0.008301 0.015137
0 0.822021 0.679688 0.008301 0.016602
0 0.972900 0.899658 0.006348 0.016113
0 0.956543 0.611328 0.006836 0.018555
0 0.983887 0.639404 0.013672 0.015137
