0 0.335449 0.038330 0.014648 0.006348
0 0.349609 0.068848 0.006836 0.017578
0 0.305908 0.104248 0.016113 0.008301
0 0.336914 0.131592 0.009766 0.014160
0 0.298340 0.126709 0.012695 0.007324
0 0.182373 0.129395 0.012207 0.011719
0 0.123047 0.161621 0.006836 0.014648
0 0.237793 0.183350 0.007812 0.016113
0 0.240234 0.199463 0.014648 0.010254
0 0.257324 0.209717 0.016602 0.006348
0 0.238037 0.224365 0.007324 0.016113
0 0.097656 0.262207 0.013672 0.012695
0 0.018799 0.244629 0.016113 0.008789
0 0.042725 0.273682 0.014160 0.010254
0 0.036377 0.326660 0.011230 0.016602
0 0.098877 0.369873 0.017090 0.007324
0 0.193848 0.351807 0.011719 0.015137
0 0.213623 0.340332 0.011230 0.014648
0 0.339844 0.222412 0.014648 0.010254
0 0.340088 0.166504 0.009277 0.016602
0 0.395996 0.262695 0.006836 0.014648
0 0.385010 0.281738 0.016113 0.007812
0 0.276611 0.334473 0.010254 0.016602
0 0.249023 0.355957 0.016602 0.006836
0 0.174072 0.405029 0.012207 0.014160
0 0.045654 0.473389 0.010254 0.013184
0 0.023438 0.467041 0.016602 0.007324
0 0.126953 0.464600 0.018555 0.006348
0 0.228516 0.521484 0.016602 0.007812
0 0.319580 0.495117 0.006348 0.016602
0 0.202393 0.576172 0.014160 0.010742
0 0.095459 0.656006 0.007324 0.017090
0 0.107178 0.662354 0.007324 0.015137
0 0.014404 0.764160 0.016113 0.005859
0 0.164551 0.807861 0.015625 0.006348
0 0.166504 0.816895 0.014648 0.011719
0 0.228516 0.813721 0.010742 0.013184
0 0.292725 0.665527 0.007324 0.018555
0 0.187012 0.933105 0.014648 0.007812
0 0.272705 0.841064 0.010254 0.014160
0 0.325684 0.821533 0.014648 0.013184
0 0.318359 0.830078 0.016602 0.006836
0 0.347412 0.763672 0.017090 0.006836
0 0.382812 0.739502 0.013672 0.013184
0 0.404053 0.707764 0.007324 0.017090
0 0.382812 0.692383 0.006836 0.015625
0 0.281982 0.571289 0.015137 0.009766
0 0.246582 0.605469 0.009766 0.015625
0 0.299805 0.611816 0.008789 0.015625
0 0.250000 0.625488 0.009766 0.016602
0 0.302734 0.570312 0.007812 0.017578
0 0.389160 0.576416 0.013672 0.011230
0 0.418945 0.573730 0.015625 0.007812
0 0.496094 0.588379 0.008789 0.016602
0 0.551514 0.602295 0.011230 0.017090
0 0.445312 0.641602 0.007812 0.016602
0 0.441895 0.682129 0.016602 0.007812
0 0.462402 0.662598 0.014648 0.011719
0 0.551514 0.663330 0.012207 0.014160
0 0.544922 0.680420 0.010742 0.013184
0 0.451904 0.737549 0.017090 0.006348
0 0.444824 0.760010 0.007812 0.015137
0 0.436768 0.771484 0.009277 0.015625
0 0.441895 0.807373 0.011719 0.013184
0 0.498047 0.767334 0.006836 0.014160
0 0.554443 0.756836 0.012207 0.013672
0 0.598633 0.700439 0.009766 0.018066
0 0.580322 0.715088 0.009277 0.018066
0 0.694824 0.683838 0.015625 0.008301
0 0.728027 0.683105 0.005859 0.016602
0 0.773682 0.685547 0.013184 0.012695
0 0.785156 0.674072 0.013672 0.012207
0 0.611084 0.590820 0.016113 0.009766
0 0.553467 0.489746 0.009277 0.015625
0 0.642334 0.554932 0.006348 0.018066
0 0.646240 0.596924 0.018066 0.011230
0 0.654541 0.683350 0.011230 0.016113
0 0.683594 0.761230 0.016602 0.006836
0 0.611084 0.823975 0.008301 0.016113
0 0.629150 0.860596 0.007324 0.015137
0 0.554932 0.834229 0.012207 0.013184
0 0.514648 0.845459 0.012695 0.014160
0 0.527100 0.837158 0.013184 0.006348
0 0.494629 0.899170 0.015625 0.011230
0 0.423828 0.833496 0.015625 0.009766
0 0.422363 0.906738 0.006836 0.015625
0 0.351562 0.906982 0.005859 0.013184
0 0.326416 0.955078 0.015137 0.007812
0 0.389160 0.963379 0.012695 0.012695
0 0.437744 0.950684 0.015137 0.009766
0 0.615967 0.929932 0.006348 0.016113
0 0.647949 0.922852 0.011719 0.014648
0 0.688721 0.927734 0.016113 0.007812
0 0.711914 0.886230 0.014648 0.013672
0 0.752686 0.833496 0.017090 0.006836
0 0.788574 0.809570 0.015625 0.005859
0 0.798340 0.797607 0.012695 0.012207
0 0.835938 0.965332 0.016602 0.007812
0 0.851562 0.816895 0.015625 0.008789
0 0.847656 0.763428 0.012695 0.014160
0 0.888184 0.746826 0.012695 0.014160
0 0.949219 0.770752 0.007812 0.016113
0 0.932373 0.797607 0.017090 0.008301
0 0.922119 0.840576 0.010254 0.015137
0 0.857666 0.913574 0.012207 0.014648
0 0.973389 0.930664 0.017090 0.008789
0 0.782715 0.758789 0.011719 0.014648
0 0.884033 0.681152 0.014160 0.014648
0 0.862061 0.641357 0.016113 0.007324
0 0.922363 0.632812 0.006836 0.016602
0 0.692383 0.613281 0.016602 0.011719
0 0.671143 0.604248 0.007324 0.017090
0 0.572021 0.614502 0.011230 0.015137
0 0.712891 0.548584 0.013672 0.011230
0 0.726807 0.516602 0.007324 0.015625
0 0.754395 0.527832 0.015625 0.006836
0 0.760498 0.515381 0.007324 0.017090
0 0.746094 0.490234 0.009766 0.016602
0 0.789062 0.502930 0.015625 0.007812
0 0.784180 0.467529 0.012695 0.014160
0 0.880615 0.517822 0.011230 0.015137
0 0.851318 0.572266 0.012207 0.014648
0 0.852783 0.597656 0.013184 0.015625
0 0.711182 0.647705 0.012207 0.015137
0 0.719971 0.641357 0.016113 0.006348
0 0.920654 0.589355 0.014160 0.011719
0 0.953125 0.581543 0.013672 0.010742
0 0.927246 0.571045 0.011719 0.015137
0 0.934814 0.541504 0.007324 0.015625
0 0.887939 0.958984 0.014160 0.015625
0 0.336914 0.521240 0.017578 0.006348
0 0.349365 0.504639 0.007324 0.014160
0 0.359375 0.490479 0.008789 0.016113
0 0.393555 0.502930 0.014648 0.012695
0 0.394287 0.446533 0.010254 0.017090
0 0.369629 0.401611 0.017578 0.007324
0 0.389893 0.364258 0.007324 0.016602
0 0.416748 0.383789 0.014160 0.010742
0 0.525391 0.385986 0.015625 0.011230
0 0.561768 0.445068 0.014160 0.011230
0 0.611816 0.446533 0.017578 0.007324
0 0.595947 0.445068 0.012207 0.015137
0 0.617676 0.423584 0.007812 0.014160
0 0.580078 0.408203 0.007812 0.018555
0 0.604004 0.386963 0.009766 0.017090
0 0.651367 0.357422 0.009766 0.015625
0 0.730225 0.340088 0.006348 0.016113
0 0.667236 0.429443 0.016113 0.006348
0 0.710693 0.452393 0.010254 0.017090
0 0.627197 0.545410 0.017090 0.007812
0 0.727539 0.430420 0.011719 0.012207
0 0.710693 0.417725 0.016113 0.010254
0 0.751221 0.419434 0.019043 0.007812
0 0.840088 0.406250 0.007324 0.016602
0 0.817383 0.440186 0.013672 0.013184
0 0.804688 0.424316 0.011719 0.015625
0 0.863525 0.341064 0.017090 0.010254
0 0.869141 0.457031 0.015625 0.007812
0 0.913330 0.454346 0.017090 0.007324
0 0.948975 0.385498 0.017090 0.008301
0 0.961426 0.402588 0.008789 0.016113
0 0.978516 0.393799 0.008789 0.016113
0 0.977295 0.424561 0.015137 0.009277
0 0.991699 0.495605 0.008789 0.016602
0 0.983154 0.562012 0.015137 0.007812
0 0.808350 0.274414 0.016113 0.009766
0 0.879639 0.310547 0.012207 0.013672
0 0.946289 0.311035 0.014648 0.007812
0 0.984619 0.328369 0.017090 0.010254
0 0.918945 0.266357 0.015625 0.008301
0 0.728271 0.232910 0.016113 0.010742
0 0.580811 0.331543 0.009277 0.016602
0 0.599365 0.324219 0.015137 0.013672
0 0.622559 0.282959 0.014648 0.013184
0 0.646729 0.279297 0.008301 0.017578
0 0.647461 0.263672 0.015625 0.008789
0 0.462158 0.212158 0.016113 0.009277
0 0.497803 0.268311 0.018066 0.008301
0 0.520508 0.258789 0.016602 0.006836
0 0.552734 0.229248 0.014648 0.006348
0 0.580078 0.240723 0.016602 0.009766
0 0.612305 0.248047 0.018555 0.007812
0 0.625488 0.230469 0.016602 0.011719
0 0.685791 0.189453 0.011230 0.014648
0 0.572021 0.160889 0.007324 0.018066
0 0.606689 0.173096 0.012207 0.015137
0 0.485352 0.148926 0.015625 0.010742
0 0.520020 0.182129 0.006836 0.014648
0 0.549561 0.118408 0.013184 0.013184
0 0.366699 0.146729 0.006836 0.017090
0 0.422852 0.137451 0.014648 0.013184
0 0.437744 0.114502 0.007324 0.017090
0 0.427246 0.096680 0.016602 0.009766
0 0.479004 0.047852 0.013672 0.010742
0 0.708496 0.131104 0.008789 0.016113
0 0.730469 0.120361 0.014648 0.007324
0 0.750977 0.125732 0.012695 0.013184
0 0.795654 0.137939 0.013184 0.012207
0 0.704346 0.186279 0.009277 0.016113
0 0.808838 0.198975 0.010254 0.016113
0 0.795654 0.230713 0.009277 0.014160
0 0.952393 0.202148 0.014160 0.010742
0 0.960938 0.186768 0.013672 0.014160
0 0.929199 0.207764 0.015625 0.010254
0 0.544678 0.163818 0.016113 0.006348
0 0.396484 0.133301 0.014648 0.013672
0 0.455566 0.282471 0.016602 0.010254
0 0.536621 0.272217 0.016602 0.007324
0 0.436035 0.218750 0.007812 0.014648
0 0.261963 0.405762 0.018066 0.007812
0 0.510010 0.440918 0.006348 0.013672
0 0.563477 0.404297 0.018555 0.007812
0 0.201416 0.517090 0.007324 0.016602
0 0.035645 0.518311 0.016602 0.006348
0 0.120850 0.492188 0.011230 0.013672
0 0.410645 0.550781 0.009766 0.016602
0 0.058105 0.582764 0.011719 0.013184
0 0.264404 0.572510 0.006348 0.017090
0 0.321289 0.620361 0.011719 0.017090
0 0.333984 0.630371 0.007812 0.015625
0 0.352051 0.600586 0.017578 0.008789
0 0.500244 0.616699 0.013184 0.014648
0 0.479736 0.646484 0.017090 0.009766
0 0.442627 0.656982 0.008301 0.015137
0 0.474365 0.663818 0.011230 0.014160
0 0.398193 0.693604 0.014160 0.013184
0 0.270996 0.702637 0.017578 0.006836
0 0.017578 0.575684 0.009766 0.017578
0 0.441406 0.667969 0.017578 0.008789
0 0.560791 0.771484 0.014160 0.009766
0 0.038574 0.782715 0.013672 0.010742
0 0.473633 0.759766 0.011719 0.010742
0 0.106445 0.862305 0.008789 0.014648
0 0.326660 0.899414 0.007812 0.013672
0 0.490479 0.839844 0.012207 0.012695
0 0.087646 0.932373 0.016113 0.009277
0 0.171631 0.954834 0.016113 0.007324
0 0.255127 0.995361 0.016113 0.009277
0 0.548096 0.984863 0.005371 0.014648
0 0.915283 0.848389 0.018066 0.010254
0 0.642578 0.847900 0.012695 0.009277
0 0.878662 0.819336 0.011230 0.015625
0 0.924805 0.777832 0.012695 0.011719
0 0.607422 0.769043 0.014648 0.009766
0 0.963379 0.797119 0.010742 0.013184
0 0.602051 0.735107 0.011719 0.012207
0 0.702148 0.697266 0.019531 0.006836
0 0.501953 0.704590 0.017578 0.012695
0 0.895752 0.665039 0.015137 0.006836
0 0.647949 0.513916 0.013672 0.008301
0 0.658203 0.566162 0.007812 0.016113
0 0.617676 0.385498 0.010742 0.018066
0 0.639893 0.297363 0.008301 0.013672
0 0.597168 0.225342 0.010742 0.012207
0 0.722656 0.067139 0.006836 0.014160
0 0.810547 0.037109 0.016602 0.010742
0 0.856201 0.103027 0.010254 0.015625
0 0.723633 0.106689 0.016602 0.007324
0 0.797852 0.242432 0.010742 0.015137
0 0.904785 0.222656 0.015625 0.006836
0 0.908447 0.420654 0.006348 0.018066
0 0.947754 0.689453 0.014648 0.011719
0 0.947021 0.700684 0.011230 0.015625
0 0.959229 0.707031 0.014160 0.012695
0 0.991699 0.729980 0.016602 0.009766
0 0.674561 0.406006 0.013184 0.008301