0 0.074219 0.025879 0.013672 0.010742
0 0.092773 0.140137 0.015625 0.006836
0 0.049072 0.207275 0.011230 0.013184
0 0.007568 0.197754 0.012207 0.012695
0 0.137451 0.237061 0.013184 0.008301
0 0.227295 0.278320 0.007324 0.015625
0 0.310547 0.120605 0.015625 0.006836
0 0.425049 0.102051 0.010254 0.013672
0 0.354980 0.015381 0.015625 0.011230
0 0.448730 0.035400 0.013672 0.007324
0 0.448242 0.099609 0.006836 0.012695
0 0.364258 0.176758 0.007812 0.012695
0 0.351807 0.180664 0.008301 0.016602
0 0.355225 0.211670 0.011230 0.012207
0 0.354492 0.244141 0.012695 0.011719
0 0.414795 0.315918 0.016113 0.009766
0 0.439453 0.201172 0.008789 0.014648
0 0.455322 0.165283 0.010254 0.017090
0 0.470215 0.167725 0.014648 0.012207
0 0.163818 0.274170 0.015137 0.011230
0 0.066650 0.299561 0.015137 0.011230
0 0.025635 0.327881 0.018066 0.006348
0 0.081787 0.363525 0.010254 0.014160
0 0.157715 0.336670 0.017578 0.008301
0 0.188232 0.355225 0.013184 0.008301
0 0.018799 0.494629 0.012207 0.010742
0 0.133789 0.513184 0.015625 0.007812
0 0.137939 0.463623 0.011230 0.009277
0 0.249756 0.475342 0.014160 0.010254
0 0.271484 0.469727 0.015625 0.007812
0 0.300049 0.410645 0.009277 0.013672
0 0.324951 0.345703 0.009277 0.013672
0 0.322754 0.363770 0.007812 0.013672
0 0.356934 0.355225 0.017578 0.008301
0 0.372314 0.406006 0.016113 0.008301
0 0.436035 0.475098 0.013672 0.012695
0 0.471924 0.468506 0.012207 0.012207
0 0.515381 0.462646 0.014160 0.013184
0 0.508545 0.479248 0.010254 0.012207
0 0.459229 0.515625 0.006348 0.017578
0 0.434570 0.537354 0.014648 0.012207
0 0.419678 0.540039 0.008301 0.013672
0 0.386963 0.565430 0.008301 0.010742
0 0.358643 0.527344 0.015137 0.013672
0 0.317383 0.534180 0.013672 0.012695
0 0.234619 0.546387 0.015137 0.007812
0 0.224121 0.567383 0.015625 0.014648
0 0.130371 0.572998 0.009766 0.017090
0 0.169922 0.578369 0.011719 0.016113
0 0.062988 0.646729 0.017578 0.007324
0 0.045898 0.601318 0.007812 0.016113
0 0.202637 0.645264 0.008789 0.017090
0 0.216064 0.672363 0.007324 0.015625
0 0.284424 0.712402 0.016113 0.007812
0 0.354492 0.732910 0.014648 0.009766
0 0.397461 0.706055 0.014648 0.012695
0 0.418701 0.634766 0.013184 0.014648
0 0.413574 0.622070 0.014648 0.009766
0 0.427246 0.593506 0.011719 0.009277
0 0.375244 0.615479 0.017090 0.007324
0 0.360840 0.598633 0.016602 0.006836
0 0.328125 0.590576 0.007812 0.014160
0 0.528564 0.572021 0.015137 0.007324
0 0.564941 0.575928 0.013672 0.012207
0 0.533691 0.527832 0.009766 0.014648
0 0.030029 0.716553 0.017090 0.015137
0 0.104004 0.763916 0.012695 0.006348
0 0.062256 0.799072 0.006348 0.016113
0 0.041992 0.839600 0.007812 0.018066
0 0.083984 0.897461 0.013672 0.013672
0 0.091309 0.953369 0.016602 0.007324
0 0.271729 0.981934 0.012207 0.012695
0 0.281006 0.954834 0.016113 0.009277
0 0.222168 0.881348 0.011719 0.013672
0 0.257568 0.867920 0.008301 0.015137
0 0.257812 0.809082 0.016602 0.005859
0 0.303223 0.814453 0.017578 0.008789
0 0.358643 0.840576 0.011230 0.010254
0 0.396729 0.823975 0.011230 0.013184
0 0.447998 0.831299 0.017090 0.007324
0 0.419434 0.805420 0.009766 0.015137
0 0.442627 0.756104 0.015137 0.011230
0 0.519287 0.729248 0.007324 0.017090
0 0.544678 0.760010 0.008301 0.019043
0 0.552979 0.746826 0.006348 0.016113
0 0.571289 0.736084 0.009766 0.014160
0 0.578613 0.772705 0.008789 0.013184
0 0.538818 0.808105 0.013184 0.007812
0 0.525146 0.800049 0.015137 0.012207
0 0.511719 0.829834 0.012695 0.009277
0 0.542480 0.874268 0.011719 0.024902
0 0.557373 0.928711 0.007324 0.014648
0 0.508789 0.947754 0.009766 0.014648
0 0.466064 0.920410 0.006348 0.014648
0 0.447266 0.925293 0.011719 0.014648
0 0.423340 0.963135 0.013672 0.008301
0 0.208984 0.931396 0.015625 0.007324
0 0.498535 0.668213 0.008789 0.017090
0 0.511719 0.694336 0.013672 0.013672
0 0.527588 0.688232 0.016113 0.007324
0 0.526367 0.661377 0.013672 0.012207
0 0.614258 0.680176 0.018555 0.006836
0 0.624268 0.701416 0.017090 0.008301
0 0.614746 0.749268 0.013672 0.013184
0 0.616455 0.827393 0.007324 0.015137
0 0.628906 0.834473 0.015625 0.007812
0 0.651855 0.813721 0.011719 0.013184
0 0.687744 0.777832 0.017090 0.007812
0 0.724609 0.795654 0.013672 0.013184
0 0.724854 0.904785 0.011230 0.014648
0 0.751221 0.897217 0.013184 0.012207
0 0.781250 0.920898 0.016602 0.006836
0 0.772217 0.754395 0.015137 0.009766
0 0.730469 0.735840 0.015625 0.006836
0 0.678467 0.740967 0.013184 0.012207
0 0.697998 0.707275 0.015137 0.010254
0 0.652832 0.703857 0.008789 0.013184
0 0.648193 0.655762 0.016113 0.010742
0 0.606201 0.652100 0.014160 0.011230
0 0.589600 0.657715 0.013184 0.012695
0 0.615234 0.614746 0.012695 0.012695
0 0.627930 0.600830 0.008789 0.018066
0 0.569580 0.627197 0.012207 0.014160
0 0.588135 0.643799 0.014160 0.014160
0 0.681396 0.611572 0.007324 0.017090
0 0.716309 0.587646 0.006836 0.014160
0 0.749756 0.589600 0.014160 0.007324
0 0.773438 0.672363 0.010742 0.014648
0 0.787598 0.675781 0.013672 0.012695
0 0.797852 0.694336 0.008789 0.016602
0 0.807129 0.717529 0.014648 0.010254
0 0.742676 0.839844 0.008789 0.013672
0 0.625977 0.888428 0.017578 0.007324
0 0.939453 0.815430 0.015625 0.006836
0 0.973633 0.802246 0.011719 0.011719
0 0.897461 0.804932 0.016602 0.008301
0 0.888428 0.759033 0.008301 0.015137
0 0.947510 0.741699 0.010254 0.014648
0 0.901855 0.656006 0.007812 0.015137
0 0.903809 0.695068 0.016602 0.009277
0 0.977783 0.664551 0.006348 0.015625
0 0.963623 0.610840 0.007324 0.018555
0 0.843994 0.673584 0.006348 0.016113
0 0.793457 0.600098 0.009766 0.016602
0 0.774902 0.579834 0.007812 0.014160
0 0.799316 0.558594 0.012695 0.007812
0 0.838135 0.534668 0.007324 0.016602
0 0.862549 0.524658 0.008301 0.016113
0 0.876953 0.510498 0.008789 0.014160
0 0.734131 0.558105 0.011230 0.012695
0 0.736816 0.544678 0.016602 0.007324
0 0.745605 0.520996 0.008789 0.015625
0 0.755127 0.510742 0.013184 0.005859
0 0.865723 0.460449 0.010742 0.014648
0 0.908447 0.478027 0.007324 0.014648
0 0.969971 0.444336 0.013184 0.012695
0 0.944092 0.561523 0.017090 0.006836
0 0.660400 0.472168 0.009277 0.016602
0 0.625000 0.474365 0.011719 0.014160
0 0.531494 0.386475 0.012207 0.016113
0 0.496338 0.385254 0.009277 0.016602
0 0.511719 0.403320 0.015625 0.007812
0 0.670166 0.402588 0.015137 0.007324
0 0.676270 0.431152 0.013672 0.010742
0 0.749512 0.407227 0.006836 0.016602
0 0.725342 0.415771 0.010254 0.015137
0 0.701660 0.441162 0.016602 0.005371
0 0.701172 0.389893 0.012695 0.010254
0 0.754150 0.341309 0.014160 0.009766
0 0.784424 0.405029 0.014160 0.006348
0 0.829834 0.423584 0.011230 0.013184
0 0.809326 0.430664 0.014160 0.006836
0 0.943359 0.425049 0.006836 0.018066
0 0.917480 0.418701 0.007812 0.016113
0 0.883789 0.409180 0.013672 0.008789
0 0.907227 0.403320 0.010742 0.014648
0 0.909668 0.363770 0.016602 0.006836
0 0.945068 0.349609 0.014160 0.009766
0 0.895508 0.268066 0.014648 0.005859
0 0.679932 0.345703 0.017090 0.007812
0 0.691895 0.307129 0.010742 0.009766
0 0.727539 0.304199 0.013672 0.014648
0 0.823730 0.247559 0.008789 0.013672
0 0.895020 0.240723 0.015625 0.005859
0 0.902100 0.218750 0.006348 0.015625
0 0.499756 0.279297 0.016113 0.005859
0 0.513184 0.280518 0.005859 0.016113
0 0.549561 0.282471 0.012207 0.012207
0 0.600586 0.232910 0.015625 0.009766
0 0.612549 0.266602 0.019043 0.007812
0 0.645508 0.238525 0.010742 0.012207
0 0.645020 0.271240 0.018555 0.006348
0 0.759766 0.240723 0.017578 0.006836
0 0.742920 0.275879 0.015137 0.007812
0 0.792725 0.210205 0.012207 0.016113
0 0.727051 0.200439 0.010742 0.016113
0 0.709961 0.229492 0.012695 0.011719
0 0.939941 0.187500 0.012695 0.009766
0 0.858398 0.136719 0.006836 0.015625
0 0.863525 0.116455 0.010254 0.012207
0 0.804932 0.147217 0.013184 0.012207
0 0.801758 0.172607 0.015625 0.008301
0 0.767822 0.133301 0.006348 0.014648
0 0.688232 0.164551 0.017090 0.005859
0 0.668213 0.124756 0.006348 0.017090
0 0.644287 0.280762 0.010254 0.015625
0 0.604004 0.158203 0.007812 0.015625
0 0.638428 0.171387 0.011230 0.008789
0 0.920166 0.147217 0.010254 0.013184
0 0.829102 0.105957 0.016602 0.007812
0 0.819580 0.083496 0.013184 0.011719
0 0.460449 0.083008 0.010742 0.015625
0 0.561768 0.098145 0.017090 0.007812
0 0.544922 0.125000 0.006836 0.015625
0 0.601562 0.070068 0.014648 0.008301
0 0.235107 0.157959 0.006348 0.015137
0 0.405518 0.125977 0.013184 0.008789
0 0.516846 0.124512 0.015137 0.008789
0 0.009521 0.313232 0.011230 0.013184
0 0.024902 0.359619 0.012695 0.014160
0 0.389160 0.357422 0.014648 0.010742
0 0.163574 0.480713 0.012695 0.012207
0 0.343506 0.500000 0.008301 0.016602
0 0.374023 0.599365 0.006836 0.016113
0 0.378906 0.569336 0.007812 0.017578
0 0.443604 0.597900 0.005371 0.016113
0 0.465088 0.597168 0.015137 0.010742
0 0.526367 0.611572 0.006836 0.019043
0 0.451904 0.659668 0.007324 0.015625
0 0.052734 0.753662 0.010742 0.008301
0 0.044434 0.759033 0.010742 0.012207
0 0.114746 0.878906 0.018555 0.006836
0 0.020996 0.921631 0.017578 0.009277
0 0.317871 0.933105 0.014648 0.007812
0 0.014404 0.978271 0.014160 0.014160
0 0.957520 0.895264 0.006836 0.015137
0 0.537354 0.787109 0.009277 0.015625
0 0.582764 0.757324 0.016113 0.007812
0 0.587891 0.737061 0.014648 0.006348
0 0.838379 0.670410 0.005859 0.013672
0 0.541260 0.657959 0.011230 0.015137
0 0.560791 0.653564 0.010254 0.012207
0 0.565430 0.644775 0.006836 0.018066
0 0.975586 0.645020 0.011719 0.018555
0 0.674316 0.630371 0.013672 0.006836
0 0.686523 0.603027 0.019531 0.006836
0 0.781006 0.606934 0.019043 0.008789
0 0.769287 0.537842 0.010254 0.017090
0 0.884766 0.496094 0.018555 0.007812
0 0.705322 0.462402 0.013184 0.013672
0 0.629150 0.437988 0.018066 0.007812
0 0.695312 0.433594 0.011719 0.014648
0 0.731934 0.402344 0.012695 0.015625
0 0.843262 0.426025 0.017578 0.007324
0 0.844482 0.415039 0.015137 0.009766
0 0.855469 0.399658 0.011719 0.016113
0 0.757812 0.296143 0.007812 0.019043
0 0.756348 0.261719 0.012695 0.012695
0 0.619141 0.254883 0.012695 0.011719
0 0.713867 0.242920 0.013672 0.012207
0 0.941895 0.225586 0.007812 0.012695
0 0.643311 0.157471 0.006348 0.014160
0 0.508057 0.131836 0.010254 0.011719
0 0.984131 0.090576 0.015137 0.008301
0 0.679688 0.177979 0.016602 0.008301
0 0.899658 0.027100 0.016113 0.006348
0 0.611328 0.043457 0.018555 0.006836
0 0.639404 0.016113 0.015137 0.013672