0 0.038818 0.028320 0.013184 0.010742
0 0.061768 0.141602 0.015137 0.006836
0 0.013672 0.209473 0.011719 0.013672
0 0.098633 0.237793 0.015625 0.005859
0 0.183594 0.271973 0.013672 0.011719
0 0.198486 0.159424 0.007324 0.014160
0 0.268311 0.122559 0.014160 0.007812
0 0.385498 0.102539 0.014160 0.011719
0 0.415771 0.110596 0.009277 0.014160
0 0.425537 0.079102 0.011230 0.015625
0 0.567627 0.045898 0.017090 0.007812
0 0.516846 0.098145 0.016113 0.005859
0 0.417725 0.165283 0.010254 0.018066
0 0.436035 0.161621 0.011719 0.014648
0 0.314453 0.180664 0.007812 0.015625
0 0.327881 0.183594 0.008301 0.014648
0 0.322021 0.208740 0.017090 0.008301
0 0.313232 0.233154 0.010254 0.014160
0 0.406006 0.207520 0.007324 0.014648
0 0.040283 0.299316 0.016113 0.008789
0 0.115967 0.331787 0.013184 0.014160
0 0.156006 0.363037 0.012207 0.010254
0 0.288330 0.343506 0.006348 0.016113
0 0.283203 0.361328 0.008789 0.014648
0 0.323730 0.356445 0.016602 0.008789
0 0.368408 0.321289 0.015137 0.009766
0 0.352783 0.354248 0.009277 0.015137
0 0.099609 0.465088 0.014648 0.007324
0 0.226562 0.463379 0.016602 0.007812
0 0.276611 0.529541 0.008301 0.017090
0 0.037354 0.649170 0.017090 0.007324
0 0.009521 0.607422 0.006348 0.016602
0 0.168701 0.650391 0.007324 0.016602
0 0.131836 0.582520 0.008789 0.016602
0 0.092041 0.572754 0.009277 0.015625
0 0.101074 0.516113 0.016602 0.009766
0 0.208984 0.480225 0.011719 0.013184
0 0.316162 0.523438 0.017090 0.008789
0 0.288330 0.584229 0.012207 0.015137
0 0.074219 0.763916 0.014648 0.006348
0 0.025146 0.803711 0.009277 0.016602
0 0.046875 0.895508 0.008789 0.015625
0 0.047363 0.954346 0.015625 0.008301
0 0.183350 0.873779 0.007324 0.015137
0 0.229248 0.808105 0.017090 0.007812
0 0.259766 0.810303 0.016602 0.009277
0 0.221191 0.871338 0.008789 0.017090
0 0.167725 0.932129 0.016113 0.007812
0 0.247803 0.954590 0.017090 0.006836
0 0.240723 0.984375 0.013672 0.012695
0 0.273682 0.933105 0.015137 0.007812
0 0.312256 0.833496 0.010254 0.013672
0 0.355713 0.829346 0.011230 0.013184
0 0.390625 0.814941 0.012695 0.013672
0 0.406494 0.832275 0.017090 0.007324
0 0.320801 0.731445 0.016602 0.008789
0 0.250244 0.713867 0.014160 0.006836
0 0.353027 0.704102 0.014648 0.010742
0 0.372559 0.648193 0.012695 0.017090
0 0.413086 0.654297 0.005859 0.016602
0 0.410400 0.759521 0.015137 0.011230
0 0.482910 0.723633 0.007812 0.015625
0 0.397217 0.960693 0.015137 0.007324
0 0.406494 0.916260 0.007324 0.016113
0 0.467529 0.958740 0.005371 0.016113
0 0.521240 0.938721 0.007324 0.015137
0 0.499756 0.883789 0.008301 0.015625
0 0.582764 0.888184 0.021973 0.011719
0 0.693115 0.914062 0.013184 0.012695
0 0.716064 0.903564 0.010254 0.015137
0 0.750488 0.925049 0.017578 0.007324
0 0.813965 0.829346 0.018555 0.017090
0 0.622070 0.822021 0.013672 0.014160
0 0.578125 0.827881 0.012695 0.013184
0 0.481934 0.831055 0.013672 0.009766
0 0.481445 0.803711 0.016602 0.010742
0 0.506592 0.800293 0.007324 0.015625
0 0.508057 0.763184 0.006348 0.014648
0 0.531250 0.735352 0.013672 0.009766
0 0.517090 0.748779 0.008789 0.016113
0 0.578613 0.752686 0.011719 0.015137
0 0.546875 0.768066 0.012695 0.008789
0 0.644775 0.774902 0.012207 0.012695
0 0.636963 0.750000 0.012207 0.015625
0 0.689941 0.734375 0.022461 0.008789
0 0.740723 0.755371 0.012695 0.009766
0 0.682861 0.805420 0.010254 0.014160
0 0.708252 0.844971 0.013184 0.014160
0 0.912354 0.816162 0.017090 0.007324
0 0.924072 0.900391 0.008301 0.015625
0 0.917725 0.967041 0.015137 0.009277
0 0.981201 0.846680 0.017090 0.007812
0 0.943848 0.807373 0.016602 0.010254
0 0.913818 0.748779 0.010254 0.016113
0 0.964111 0.739990 0.012207 0.013184
0 0.859863 0.757324 0.011719 0.015625
0 0.860596 0.694092 0.014160 0.010254
0 0.869629 0.664551 0.007812 0.016602
0 0.967529 0.663086 0.014160 0.012695
0 0.929199 0.608398 0.006836 0.018555
0 0.942627 0.666504 0.008301 0.016602
0 0.939941 0.649902 0.008789 0.016602
0 0.800781 0.663574 0.009766 0.013672
0 0.805908 0.677002 0.009277 0.015137
0 0.773193 0.708496 0.010254 0.014648
0 0.763184 0.696777 0.014648 0.013672
0 0.757324 0.677246 0.017578 0.006836
0 0.736328 0.673828 0.007812 0.015625
0 0.657715 0.708008 0.016602 0.010742
0 0.617188 0.696289 0.007812 0.015625
0 0.568604 0.682617 0.017090 0.007812
0 0.620605 0.656250 0.016602 0.007812
0 0.475098 0.695068 0.013672 0.013184
0 0.499268 0.688232 0.015137 0.009277
0 0.462891 0.675293 0.007812 0.016602
0 0.483887 0.572510 0.014648 0.008301
0 0.491455 0.613525 0.007324 0.015137
0 0.583252 0.597656 0.013184 0.012695
0 0.579102 0.614258 0.012695 0.012695
0 0.552002 0.659912 0.012207 0.012207
0 0.529053 0.630127 0.012207 0.014160
0 0.493164 0.661133 0.021484 0.009766
0 0.516113 0.658936 0.011719 0.016113
0 0.637451 0.608398 0.012207 0.017578
0 0.678711 0.591797 0.006836 0.016602
0 0.761475 0.610107 0.018066 0.018066
0 0.742920 0.587891 0.010254 0.013672
0 0.704590 0.590820 0.019531 0.005859
0 0.733398 0.603516 0.016602 0.009766
0 0.916504 0.565918 0.016602 0.006836
0 0.966309 0.500000 0.013672 0.011719
0 0.839355 0.512451 0.006836 0.018066
0 0.828125 0.525391 0.013672 0.014648
0 0.801514 0.528076 0.007324 0.016113
0 0.770752 0.555908 0.013184 0.007324
0 0.732910 0.542480 0.007812 0.017578
0 0.693115 0.555908 0.013184 0.014160
0 0.701416 0.545654 0.016113 0.006348
0 0.713135 0.533447 0.008301 0.016113
0 0.720215 0.511230 0.015625 0.007812
0 0.201416 0.549072 0.016113 0.008301
0 0.383545 0.602051 0.011230 0.014648
0 0.405029 0.604980 0.006348 0.017578
0 0.331055 0.616943 0.015625 0.007324
0 0.371582 0.624756 0.015625 0.009277
0 0.382324 0.552002 0.008789 0.016113
0 0.410156 0.559570 0.012695 0.013672
0 0.401611 0.529785 0.015137 0.011719
0 0.322998 0.597412 0.015137 0.007324
0 0.395264 0.479248 0.009277 0.013184
0 0.434570 0.474121 0.007812 0.011719
0 0.424316 0.509033 0.008789 0.015137
0 0.496582 0.533691 0.006836 0.012695
0 0.466309 0.492432 0.006836 0.016113
0 0.518066 0.573242 0.015625 0.011719
0 0.477051 0.460938 0.013672 0.013672
0 0.335449 0.406494 0.016602 0.009277
0 0.259033 0.407471 0.010254 0.014160
0 0.464111 0.402344 0.017090 0.007812
0 0.462402 0.380615 0.009766 0.017090
0 0.494873 0.387695 0.011230 0.017578
0 0.614258 0.404053 0.017578 0.006348
0 0.652832 0.398193 0.014648 0.013184
0 0.648193 0.421875 0.013184 0.013672
0 0.653809 0.436279 0.014648 0.011230
0 0.670654 0.443115 0.017090 0.007324
0 0.667969 0.459717 0.011719 0.014160
0 0.684326 0.405518 0.008301 0.018066
0 0.711426 0.401367 0.007812 0.016602
0 0.748535 0.405518 0.014648 0.009277
0 0.767822 0.432861 0.015137 0.008301
0 0.792969 0.431885 0.006836 0.017090
0 0.826416 0.470215 0.006348 0.016602
0 0.869629 0.474854 0.011719 0.011230
0 0.935059 0.454590 0.013672 0.011719
0 0.910400 0.417725 0.011230 0.014160
0 0.841797 0.412598 0.014648 0.009766
0 0.873291 0.364502 0.016113 0.007324
0 0.920898 0.346680 0.015625 0.008789
0 0.625488 0.478027 0.008789 0.018555
0 0.660156 0.320801 0.009766 0.016602
0 0.684082 0.315186 0.015625 0.014160
0 0.724121 0.349365 0.017578 0.008301
0 0.866455 0.270752 0.016113 0.009277
0 0.794678 0.240234 0.015137 0.008789
0 0.713379 0.274658 0.013672 0.013184
0 0.727295 0.287598 0.007324 0.017578
0 0.555908 0.226807 0.012207 0.012207
0 0.523438 0.279297 0.016602 0.006836
0 0.462891 0.280518 0.014648 0.006348
0 0.475342 0.273926 0.008301 0.016602
0 0.598389 0.176025 0.007324 0.012207
0 0.640137 0.164062 0.017578 0.006836
0 0.692139 0.188721 0.007324 0.017090
0 0.675049 0.226562 0.007324 0.018555
0 0.715820 0.237793 0.014648 0.010742
0 0.711426 0.254150 0.009766 0.015137
0 0.574951 0.266602 0.017090 0.008789
0 0.760254 0.203125 0.007812 0.016602
0 0.772705 0.177002 0.014160 0.012207
0 0.774170 0.138916 0.014160 0.012207
0 0.867188 0.223389 0.011719 0.020020
0 0.863770 0.237793 0.018555 0.006836
0 0.898438 0.216309 0.010742 0.016602
0 0.898926 0.189941 0.013672 0.007812
0 0.977295 0.270508 0.017090 0.007812
0 0.822754 0.134766 0.007812 0.016602
0 0.823242 0.114990 0.011719 0.009277
0 0.628662 0.120361 0.010254 0.015137
0 0.874512 0.412354 0.009766 0.015137
0 0.882080 0.427979 0.010254 0.017090
0 0.990479 0.198730 0.014160 0.013672
0 0.873047 0.029053 0.016602 0.008301
0 0.939209 0.091553 0.016113 0.009277
0 0.797852 0.106934 0.014648 0.008789
0 0.792969 0.080566 0.014648 0.010742
0 0.609863 0.272461 0.017578 0.006836
0 0.315918 0.013184 0.015625 0.011719
0 0.412109 0.036377 0.015625 0.006348
0 0.556152 0.064453 0.013672 0.008789
0 0.512207 0.120117 0.009766 0.015625
0 0.508789 0.131348 0.017578 0.007812
0 0.479004 0.125244 0.014648 0.008301
0 0.566650 0.154785 0.006348 0.014648
0 0.125732 0.274902 0.013184 0.011719
0 0.339111 0.262207 0.005371 0.015625
0 0.126465 0.480713 0.007812 0.013184
0 0.309570 0.494629 0.011719 0.014648
0 0.049316 0.355713 0.007812 0.016113
0 0.187256 0.568115 0.014160 0.012207
0 0.428467 0.598389 0.015137 0.010254
0 0.341309 0.570312 0.006836 0.017578
0 0.351074 0.566406 0.009766 0.010742
0 0.335205 0.599121 0.008301 0.015625
0 0.180176 0.671143 0.006836 0.017090
0 0.009521 0.761719 0.010254 0.014648
0 0.527344 0.658691 0.007812 0.015625
0 0.530762 0.647461 0.007812 0.014648
0 0.554932 0.648682 0.011230 0.016113
0 0.566650 0.649170 0.016113 0.012207
0 0.548096 0.737793 0.016113 0.007812
0 0.550293 0.756836 0.013672 0.006836
0 0.005371 0.846680 0.008789 0.017578
0 0.081055 0.876221 0.015625 0.007324
0 0.430908 0.918945 0.008301 0.012695
0 0.783203 0.876465 0.009766 0.018555
0 0.718018 0.844971 0.012207 0.010254
0 0.590576 0.837646 0.018066 0.007324
0 0.669678 0.759033 0.011230 0.014160
0 0.987793 0.830566 0.006836 0.018555
0 0.637695 0.605957 0.021484 0.008789
0 0.852783 0.499023 0.018066 0.007812
0 0.982178 0.449951 0.015137 0.014160
0 0.805664 0.426758 0.017578 0.008789
0 0.802734 0.416748 0.017578 0.008301
0 0.590332 0.469238 0.010742 0.014648
0 0.815918 0.404541 0.014648 0.012207
0 0.636230 0.342041 0.011719 0.013184
0 0.964111 0.293945 0.009277 0.014648
0 0.718750 0.295654 0.011719 0.013184
0 0.584229 0.257568 0.013184 0.012207
0 0.615967 0.233154 0.015137 0.010254
0 0.676270 0.242432 0.013672 0.012207
0 0.663574 0.236572 0.015625 0.011230
0 0.605225 0.163330 0.008301 0.015137
0 0.608398 0.010010 0.012695 0.013184
0 0.731445 0.134033 0.008789 0.014160