0 0.042480 0.133057 0.006836 0.016113
0 0.066162 0.181885 0.018066 0.007324
0 0.053711 0.212891 0.007812 0.013672
0 0.156494 0.192139 0.010254 0.015137
0 0.200439 0.203369 0.012207 0.015137
0 0.243164 0.133789 0.015625 0.009766
0 0.223389 0.018066 0.014160 0.010742
0 0.389160 0.154053 0.007812 0.015137
0 0.318359 0.232666 0.017578 0.009277
0 0.324707 0.279053 0.010742 0.016113
0 0.401123 0.312500 0.008301 0.016602
0 0.327881 0.342041 0.013184 0.017090
0 0.325684 0.363525 0.009766 0.015137
0 0.231445 0.378418 0.008789 0.017578
0 0.192627 0.307861 0.018066 0.008301
0 0.153320 0.304443 0.015625 0.010254
0 0.166992 0.346680 0.006836 0.017578
0 0.157227 0.337158 0.010742 0.016113
0 0.076660 0.338867 0.007812 0.015625
0 0.052246 0.360840 0.009766 0.016602
0 0.015137 0.441650 0.007812 0.017090
0 0.143799 0.474121 0.017090 0.008789
0 0.157959 0.475098 0.006348 0.016602
0 0.012695 0.555908 0.015625 0.007324
0 0.136719 0.588379 0.012695 0.010742
0 0.203857 0.584229 0.018066 0.008301
0 0.291504 0.462158 0.012695 0.008301
0 0.270020 0.514404 0.015625 0.008301
0 0.362061 0.544434 0.012207 0.011719
0 0.350830 0.615234 0.012207 0.016602
0 0.106445 0.606934 0.018555 0.007812
0 0.104248 0.618652 0.013184 0.008789
0 0.051270 0.646240 0.007812 0.019043
0 0.028076 0.651367 0.007324 0.018555
0 0.020752 0.707275 0.006348 0.016113
0 0.065918 0.699463 0.014648 0.007324
0 0.141602 0.682861 0.011719 0.012207
0 0.156738 0.715088 0.016602 0.011230
0 0.196533 0.645264 0.011230 0.013184
0 0.433594 0.466064 0.017578 0.007324
0 0.466064 0.473877 0.017090 0.008301
0 0.185547 0.740967 0.013672 0.012207
0 0.229736 0.750977 0.015137 0.006836
0 0.043945 0.771484 0.010742 0.010742
0 0.201172 0.788330 0.015625 0.011230
0 0.188965 0.810303 0.007812 0.017090
0 0.138428 0.860840 0.007324 0.016602
0 0.142090 0.895508 0.006836 0.015625
0 0.111084 0.867676 0.006348 0.017578
0 0.098877 0.881592 0.014160 0.013184
0 0.038330 0.953369 0.011230 0.015137
0 0.180420 0.918701 0.007324 0.016113
0 0.248291 0.908691 0.012207 0.013672
0 0.281250 0.881592 0.019531 0.006348
0 0.168701 0.968506 0.014160 0.011230
0 0.263672 0.944580 0.018555 0.006348
0 0.371338 0.926758 0.009277 0.015625
0 0.407715 0.858643 0.008789 0.017090
0 0.376465 0.808838 0.015625 0.013184
0 0.474854 0.817139 0.010254 0.016113
0 0.380371 0.658936 0.017578 0.008301
0 0.356689 0.691162 0.012207 0.014160
0 0.424561 0.733154 0.016113 0.011230
0 0.499756 0.734863 0.017090 0.011719
0 0.560303 0.723633 0.008301 0.018555
0 0.562500 0.751709 0.018555 0.008301
0 0.563232 0.798828 0.010254 0.012695
0 0.567383 0.779785 0.013672 0.011719
0 0.626221 0.829590 0.017090 0.009766
0 0.526855 0.841553 0.012695 0.015137
0 0.583252 0.015869 0.014160 0.013184
0 0.602295 0.032959 0.014160 0.008301
0 0.597412 0.070312 0.009277 0.011719
0 0.613281 0.101562 0.006836 0.016602
0 0.619141 0.076172 0.013672 0.008789
0 0.558594 0.121094 0.015625 0.008789
0 0.539795 0.105713 0.018066 0.008301
0 0.484863 0.119385 0.016602 0.009277
0 0.518066 0.024658 0.012695 0.014160
0 0.798584 0.052979 0.012207 0.014160
0 0.778809 0.076904 0.019531 0.007324
0 0.740479 0.105469 0.016113 0.010742
0 0.688232 0.110596 0.015137 0.012207
0 0.699707 0.140381 0.016602 0.009277
0 0.653809 0.145508 0.014648 0.012695
0 0.574707 0.180176 0.014648 0.009766
0 0.506104 0.177246 0.007324 0.017578
0 0.522461 0.161133 0.008789 0.020508
0 0.607910 0.162842 0.008789 0.021973
0 0.755127 0.181152 0.008301 0.016602
0 0.709473 0.185059 0.014648 0.012695
0 0.739502 0.209229 0.010254 0.020020
0 0.485596 0.224609 0.016113 0.006836
0 0.545410 0.235107 0.006836 0.018066
0 0.520264 0.269287 0.009277 0.017090
0 0.655518 0.278564 0.016113 0.009277
0 0.692871 0.291260 0.019531 0.008301
0 0.674561 0.306641 0.008301 0.017578
0 0.613281 0.314697 0.012695 0.014160
0 0.461426 0.417969 0.010742 0.011719
0 0.487549 0.382080 0.015137 0.011230
0 0.483398 0.352295 0.011719 0.014160
0 0.695801 0.373779 0.013672 0.013184
0 0.685303 0.391602 0.015137 0.009766
0 0.653076 0.406006 0.008301 0.019043
0 0.640625 0.440430 0.007812 0.016602
0 0.602539 0.447021 0.013672 0.009277
0 0.553711 0.403809 0.019531 0.006836
0 0.668457 0.467529 0.014648 0.013184
0 0.770752 0.482422 0.009277 0.014648
0 0.798096 0.462891 0.019043 0.007812
0 0.818604 0.457275 0.009277 0.016113
0 0.828857 0.439453 0.012207 0.012695
0 0.871094 0.431396 0.009766 0.013184
0 0.852539 0.479492 0.006836 0.017578
0 0.670166 0.504150 0.013184 0.013184
0 0.587402 0.512939 0.009766 0.016113
0 0.504639 0.494629 0.010254 0.016602
0 0.498779 0.514160 0.008301 0.017578
0 0.496582 0.555908 0.010742 0.017090
0 0.541260 0.540527 0.017090 0.008789
0 0.569336 0.549316 0.018555 0.010742
0 0.544189 0.564453 0.010254 0.017578
0 0.586914 0.576416 0.010742 0.016113
0 0.513184 0.596924 0.016602 0.012207
0 0.515625 0.611572 0.013672 0.012207
0 0.557129 0.607422 0.015625 0.011719
0 0.583984 0.594238 0.010742 0.012695
0 0.624512 0.622070 0.016602 0.007812
0 0.643799 0.628418 0.015137 0.011719
0 0.705811 0.570557 0.011230 0.013184
0 0.737549 0.581055 0.016113 0.012695
0 0.748779 0.608154 0.010254 0.015137
0 0.618896 0.695068 0.013184 0.015137
0 0.650635 0.745117 0.013184 0.011719
0 0.675049 0.721924 0.008301 0.016113
0 0.697754 0.851562 0.015625 0.017578
0 0.706299 0.892334 0.010254 0.016113
0 0.673340 0.916260 0.008789 0.016113
0 0.620361 0.935303 0.009277 0.014160
0 0.545654 0.970703 0.013184 0.012695
0 0.655762 0.985840 0.014648 0.013672
0 0.774902 0.958740 0.012695 0.012207
0 0.800537 0.878662 0.010254 0.012207
0 0.866211 0.874512 0.011719 0.014648
0 0.888672 0.877930 0.016602 0.010742
0 0.915039 0.914062 0.007812 0.016602
0 0.958984 0.857178 0.011719 0.015137
0 0.897949 0.832031 0.006836 0.017578
0 0.980713 0.792480 0.011230 0.013672
0 0.771973 0.804932 0.017578 0.007324
0 0.662842 0.820068 0.017090 0.010254
0 0.692871 0.784180 0.007812 0.016602
0 0.700684 0.769775 0.009766 0.017090
0 0.762939 0.726562 0.008301 0.015625
0 0.778076 0.714600 0.009277 0.018066
0 0.802734 0.722168 0.010742 0.016602
0 0.804199 0.705322 0.016602 0.010254
0 0.847412 0.703125 0.009277 0.017578
0 0.895508 0.738770 0.014648 0.011719
0 0.841309 0.743408 0.015625 0.010254
0 0.895752 0.758301 0.008301 0.017578
0 0.941650 0.736572 0.008301 0.016113
0 0.979492 0.681885 0.012695 0.014160
0 0.993896 0.661133 0.007324 0.020508
0 0.921875 0.668213 0.007812 0.017090
0 0.956299 0.619873 0.015137 0.012207
0 0.792725 0.676270 0.014160 0.013672
0 0.772217 0.656494 0.017090 0.011230
0 0.746582 0.653564 0.015625 0.010254
0 0.647461 0.654785 0.012695 0.016602
0 0.661377 0.679932 0.013184 0.016113
0 0.666504 0.691895 0.011719 0.015625
0 0.681152 0.655273 0.008789 0.016602
0 0.677246 0.637939 0.009766 0.015137
0 0.689697 0.623047 0.018066 0.013672
0 0.715332 0.623779 0.017578 0.007324
0 0.693115 0.642822 0.013184 0.019043
0 0.702148 0.642090 0.008789 0.018555
0 0.731934 0.634521 0.018555 0.007324
0 0.768311 0.611084 0.017090 0.013184
0 0.786865 0.614502 0.010254 0.014160
0 0.831299 0.620850 0.007324 0.012207
0 0.793457 0.651367 0.007812 0.022461
0 0.864746 0.591064 0.006836 0.014160
0 0.934326 0.599609 0.010254 0.015625
0 0.711182 0.722656 0.012207 0.015625
0 0.727539 0.747559 0.008789 0.019531
0 0.974365 0.551514 0.015137 0.012207
0 0.917969 0.561523 0.005859 0.016602
0 0.883301 0.537109 0.010742 0.010742
0 0.890625 0.500000 0.009766 0.017578
0 0.924561 0.403564 0.017090 0.006348
0 0.956543 0.425049 0.010742 0.013184
0 0.877930 0.374023 0.013672 0.013672
0 0.858643 0.383545 0.016113 0.008301
0 0.876709 0.330566 0.018066 0.007812
0 0.783447 0.317627 0.009277 0.017090
0 0.914307 0.317627 0.017090 0.014160
0 0.822510 0.284180 0.011230 0.014648
0 0.904785 0.291016 0.016602 0.008789
0 0.920654 0.262939 0.015137 0.011230
0 0.937500 0.269043 0.016602 0.008789
0 0.968506 0.263184 0.009277 0.012695
0 0.963867 0.241699 0.006836 0.016602
0 0.942871 0.234375 0.018555 0.007812
0 0.872803 0.260986 0.017090 0.008301
0 0.878174 0.250488 0.015137 0.015625
0 0.881836 0.237549 0.014648 0.012207
0 0.862793 0.225342 0.007812 0.018066
0 0.880127 0.223389 0.016113 0.008301
0 0.867188 0.176758 0.016602 0.008789
0 0.831543 0.178955 0.006836 0.018066
0 0.792480 0.235840 0.018555 0.008789
0 0.772217 0.266357 0.011230 0.015137
0 0.755859 0.264160 0.012695 0.016602
0 0.792480 0.249023 0.014648 0.015625
0 0.959229 0.173828 0.014160 0.013672
0 0.992188 0.149658 0.008789 0.018066
0 0.904053 0.174561 0.015137 0.013184
0 0.932617 0.168457 0.014648 0.010742
0 0.955811 0.110107 0.016113 0.008301
0 0.798828 0.155762 0.009766 0.016602
0 0.802246 0.131592 0.013672 0.010254
0 0.321289 0.484863 0.018555 0.006836
0 0.167725 0.596191 0.007324 0.018555
0 0.143066 0.606689 0.013672 0.014160
0 0.293701 0.552246 0.014160 0.011719
0 0.325684 0.578369 0.014648 0.014160
0 0.156250 0.609375 0.008789 0.017578
0 0.034912 0.864502 0.011230 0.017090
0 0.269775 0.913574 0.020020 0.007812
0 0.301270 0.981445 0.009766 0.016602
0 0.413574 0.971436 0.009766 0.017090
0 0.430420 0.974121 0.006348 0.017578
0 0.425293 0.954590 0.016602 0.010742
0 0.494629 0.933105 0.015625 0.008789
0 0.853027 0.991211 0.008789 0.017578
0 0.771973 0.827881 0.010742 0.016113
0 0.907471 0.821777 0.007324 0.012695
0 0.861328 0.684814 0.009766 0.017090
0 0.944580 0.656250 0.008301 0.019531
0 0.873047 0.558594 0.011719 0.016602
0 0.805664 0.433594 0.018555 0.007812
0 0.892578 0.427246 0.017578 0.010742
0 0.910156 0.505859 0.014648 0.014648
0 0.804688 0.140381 0.018555 0.007324
0 0.948730 0.103027 0.014648 0.009766
0 0.780518 0.037842 0.009277 0.019043
0 0.602539 0.607666 0.017578 0.008301
0 0.610352 0.537598 0.006836 0.017578