0 0.025146 0.185303 0.017090 0.010254
0 0.118652 0.194336 0.011719 0.014648
0 0.161621 0.204834 0.010742 0.015137
0 0.203857 0.135742 0.015137 0.009766
0 0.038330 0.343506 0.008301 0.016113
0 0.011719 0.368896 0.008789 0.018066
0 0.115234 0.305908 0.015625 0.008301
0 0.160156 0.310547 0.019531 0.007812
0 0.119141 0.333252 0.012695 0.015137
0 0.133545 0.354004 0.011230 0.014648
0 0.191895 0.378662 0.008789 0.019043
0 0.271729 0.234863 0.015137 0.006836
0 0.281250 0.277588 0.007812 0.018066
0 0.285645 0.341553 0.016602 0.010254
0 0.290283 0.358887 0.011230 0.013672
0 0.355225 0.304688 0.013184 0.012695
0 0.350098 0.155762 0.008789 0.015625
0 0.440918 0.120117 0.015625 0.007812
0 0.496826 0.107910 0.019043 0.007812
0 0.540771 0.096680 0.011230 0.009766
0 0.541992 0.181885 0.013672 0.007324
0 0.480713 0.166016 0.008301 0.015625
0 0.466309 0.178711 0.007812 0.019531
0 0.457031 0.225830 0.016602 0.007324
0 0.476318 0.261230 0.010254 0.016602
0 0.563477 0.309082 0.015625 0.011719
0 0.441650 0.347412 0.009277 0.016113
0 0.452393 0.352051 0.010254 0.014648
0 0.442871 0.378418 0.011719 0.015625
0 0.419189 0.416748 0.011230 0.010254
0 0.252197 0.462646 0.010254 0.011230
0 0.099121 0.473389 0.015625 0.007324
0 0.118896 0.481445 0.008301 0.015625
0 0.234375 0.514648 0.017578 0.008789
0 0.092773 0.586426 0.010742 0.012695
0 0.158691 0.588379 0.016602 0.009766
0 0.071289 0.606934 0.022461 0.010742
0 0.012939 0.649902 0.007324 0.016602
0 0.031738 0.698486 0.015625 0.007324
0 0.101807 0.685059 0.008301 0.012695
0 0.123291 0.718506 0.018066 0.007324
0 0.157471 0.645996 0.011230 0.011719
0 0.312256 0.620361 0.008301 0.015137
0 0.321289 0.688721 0.008789 0.015137
0 0.387451 0.728271 0.011230 0.017090
0 0.148682 0.748291 0.007324 0.015137
0 0.165039 0.754883 0.012695 0.007812
0 0.197021 0.757324 0.011230 0.012695
0 0.154785 0.818604 0.009766 0.016113
0 0.053955 0.886719 0.014160 0.011719
0 0.106445 0.903320 0.007812 0.015625
0 0.141846 0.918701 0.007324 0.015137
0 0.131348 0.970947 0.010742 0.014160
0 0.204346 0.904785 0.010254 0.013672
0 0.237793 0.881104 0.013672 0.011230
0 0.221680 0.912109 0.018555 0.006836
0 0.223389 0.945312 0.015137 0.008789
0 0.260254 0.984863 0.006836 0.015625
0 0.330078 0.930908 0.012695 0.012207
0 0.389404 0.955566 0.017090 0.008789
0 0.376465 0.973633 0.013672 0.013672
0 0.395508 0.981689 0.006836 0.017090
0 0.449951 0.932861 0.015137 0.007324
0 0.511963 0.972656 0.017090 0.006836
0 0.567871 0.937744 0.006836 0.015137
0 0.579102 0.940918 0.011719 0.011719
0 0.634766 0.925781 0.007812 0.015625
0 0.671875 0.904297 0.009766 0.016602
0 0.742920 0.956055 0.015137 0.008789
0 0.761230 0.880615 0.010742 0.011230
0 0.832275 0.883301 0.010254 0.015625
0 0.856201 0.884766 0.015137 0.011719
0 0.877441 0.916992 0.006836 0.017578
0 0.922852 0.860596 0.011719 0.016113
0 0.731201 0.827637 0.009277 0.015625
0 0.738525 0.842529 0.013184 0.011230
0 0.864746 0.827881 0.013672 0.012207
0 0.944824 0.798828 0.010742 0.013672
0 0.854004 0.769775 0.007812 0.017090
0 0.804199 0.773926 0.009766 0.011719
0 0.741455 0.720215 0.008301 0.015625
0 0.687988 0.748535 0.011719 0.012695
0 0.632080 0.728271 0.013184 0.013184
0 0.618408 0.743652 0.013184 0.008789
0 0.629639 0.818604 0.015137 0.008301
0 0.657715 0.856934 0.006836 0.016602
0 0.578613 0.833984 0.015625 0.007812
0 0.485840 0.842773 0.013672 0.009766
0 0.520508 0.808594 0.007812 0.015625
0 0.531006 0.786621 0.007324 0.016602
0 0.535156 0.751953 0.018555 0.008789
0 0.523193 0.720947 0.009277 0.015137
0 0.461426 0.735352 0.016602 0.011719
0 0.428467 0.823730 0.014160 0.012695
0 0.342041 0.813477 0.018066 0.008789
0 0.761230 0.719971 0.008789 0.017090
0 0.803467 0.711426 0.008301 0.016602
0 0.858643 0.733643 0.018066 0.006348
0 0.859375 0.746582 0.011719 0.014648
0 0.899658 0.730957 0.007324 0.016602
0 0.753174 0.676514 0.012207 0.012207
0 0.578369 0.687744 0.009277 0.017090
0 0.607910 0.656250 0.011719 0.015625
0 0.605713 0.634766 0.009277 0.015625
0 0.572510 0.622803 0.017090 0.007324
0 0.569092 0.605469 0.018066 0.009766
0 0.537842 0.606934 0.011230 0.015625
0 0.514648 0.606934 0.017578 0.007812
0 0.482666 0.608398 0.014160 0.012695
0 0.328857 0.544434 0.016113 0.010742
0 0.454346 0.552002 0.009277 0.015137
0 0.547363 0.577637 0.010742 0.015625
0 0.542969 0.551514 0.015625 0.008301
0 0.655762 0.778320 0.011719 0.015625
0 0.975830 0.663818 0.007324 0.017090
0 0.954834 0.666260 0.007324 0.018066
0 0.883301 0.668945 0.007812 0.016602
0 0.904541 0.664795 0.007324 0.018066
0 0.824463 0.683105 0.009277 0.015625
0 0.726562 0.655029 0.017578 0.011230
0 0.758057 0.650635 0.013184 0.016113
0 0.793945 0.620605 0.011719 0.010742
0 0.766357 0.625000 0.016113 0.011719
0 0.747803 0.611328 0.009277 0.016602
0 0.729736 0.613770 0.015137 0.015625
0 0.702393 0.613770 0.011230 0.009766
0 0.698486 0.637451 0.017090 0.008301
0 0.662109 0.571777 0.013672 0.008789
0 0.693115 0.580811 0.016113 0.009277
0 0.651123 0.624268 0.014160 0.014160
0 0.639893 0.645020 0.010254 0.015625
0 0.656494 0.645020 0.010254 0.016602
0 0.888184 0.594238 0.014648 0.011719
0 0.912842 0.616943 0.012207 0.012207
0 0.940918 0.548340 0.010742 0.014648
0 0.854248 0.506104 0.007324 0.018066
0 0.879395 0.512451 0.014648 0.010254
0 0.972412 0.518799 0.010254 0.015137
0 0.882324 0.569336 0.007812 0.020508
0 0.636230 0.510742 0.012695 0.013672
0 0.571045 0.532715 0.010254 0.013672
0 0.543213 0.520752 0.011230 0.015137
0 0.489990 0.539062 0.019043 0.007812
0 0.459717 0.510986 0.010254 0.015137
0 0.413330 0.475098 0.019043 0.007812
0 0.561035 0.452637 0.007812 0.014648
0 0.599121 0.446777 0.007812 0.015625
0 0.627930 0.468750 0.013672 0.011719
0 0.639648 0.474609 0.009766 0.016602
0 0.762207 0.465332 0.019531 0.010742
0 0.779541 0.453125 0.010254 0.013672
0 0.800049 0.448242 0.016113 0.010742
0 0.816162 0.472900 0.007324 0.017090
0 0.855957 0.426514 0.015625 0.012207
0 0.888184 0.403320 0.018555 0.006836
0 0.925293 0.428223 0.008789 0.019531
0 0.958740 0.422363 0.017090 0.010742
0 0.985107 0.447998 0.013184 0.011230
0 0.970215 0.389160 0.007812 0.014648
0 0.830811 0.378418 0.014160 0.010742
0 0.812988 0.386230 0.012695 0.009766
0 0.811279 0.361816 0.006348 0.019531
0 0.844238 0.331299 0.017578 0.010254
0 0.871338 0.315674 0.015137 0.010254
0 0.858398 0.292236 0.017578 0.008301
0 0.747314 0.311035 0.007324 0.017578
0 0.651367 0.378174 0.016602 0.008301
0 0.616943 0.398926 0.010254 0.015625
0 0.639893 0.396240 0.013184 0.010254
0 0.499512 0.405029 0.017578 0.007324
0 0.653320 0.289307 0.015625 0.011230
0 0.633057 0.300781 0.010254 0.017578
0 0.615967 0.278564 0.017090 0.009277
0 0.739014 0.269287 0.012207 0.010254
0 0.732178 0.252197 0.013184 0.011230
0 0.743896 0.237549 0.015137 0.008301
0 0.785645 0.289062 0.014648 0.012695
0 0.836426 0.263916 0.013672 0.010254
0 0.874023 0.267578 0.015625 0.010742
0 0.896484 0.269287 0.017578 0.008301
0 0.933350 0.259033 0.008301 0.015137
0 0.921143 0.235107 0.008301 0.016113
0 0.898193 0.236328 0.017090 0.007812
0 0.834473 0.247070 0.015625 0.010742
0 0.840332 0.227051 0.014648 0.007812
0 0.827393 0.221680 0.007324 0.017578
0 0.824951 0.174072 0.014160 0.011230
0 0.793945 0.174072 0.006836 0.017090
0 0.762451 0.159912 0.010254 0.015137
0 0.772949 0.137695 0.015625 0.009766
0 0.759521 0.137695 0.008301 0.015625
0 0.716797 0.177734 0.008789 0.016602
0 0.697754 0.207031 0.007812 0.015625
0 0.671631 0.188721 0.014160 0.013184
0 0.957031 0.147461 0.009766 0.014648
0 0.915527 0.167969 0.012695 0.014648
0 0.896484 0.168701 0.015625 0.007324
0 0.875488 0.176514 0.015625 0.007324
0 0.870850 0.163330 0.012207 0.015137
0 0.616455 0.144287 0.011230 0.015137
0 0.659912 0.137451 0.013184 0.013184
0 0.570312 0.097412 0.007812 0.017090
0 0.560547 0.076660 0.006836 0.015625
0 0.580078 0.076416 0.013672 0.011230
0 0.562988 0.034180 0.015625 0.007812
0 0.694580 0.102783 0.015137 0.008301
0 0.735596 0.076172 0.016113 0.008789
0 0.748535 0.048584 0.016602 0.007324
0 0.921875 0.109131 0.014648 0.009277
0 0.988770 0.032715 0.017578 0.013672
0 0.004395 0.140137 0.005859 0.016602
0 0.570068 0.163818 0.010254 0.016113
0 0.018799 0.217041 0.011230 0.009277
0 0.500000 0.248291 0.011719 0.015137
0 0.382324 0.468262 0.018555 0.007812
0 0.281494 0.486084 0.017090 0.007324
0 0.250244 0.557861 0.013184 0.012207
0 0.279541 0.570557 0.013184 0.013184
0 0.501953 0.565674 0.007812 0.015137
0 0.106445 0.609131 0.014648 0.012207
0 0.330811 0.661133 0.017090 0.007812
0 0.478760 0.597168 0.017090 0.007812
0 0.099854 0.870361 0.006348 0.015137
0 0.024170 0.875488 0.012207 0.014648
0 0.610107 0.986572 0.018066 0.009277
0 0.747314 0.807129 0.018066 0.007812
0 0.612549 0.824951 0.014160 0.010254
0 0.963867 0.989258 0.006836 0.014648
0 0.992188 0.810059 0.014648 0.013672
0 0.808105 0.746094 0.013672 0.011719
0 0.722412 0.731689 0.010254 0.015137
0 0.627441 0.687744 0.015625 0.012207
0 0.664062 0.643066 0.005859 0.014648
0 0.667236 0.652344 0.014160 0.008789
0 0.758789 0.701416 0.012695 0.013184
0 0.896973 0.567627 0.015625 0.008301
0 0.864990 0.511230 0.014160 0.010742
0 0.734131 0.478271 0.014160 0.013184
0 0.956299 0.406250 0.013184 0.015625
0 0.984131 0.485596 0.015137 0.013184
0 0.717773 0.264648 0.013672 0.015625
0 0.753906 0.249023 0.012695 0.011719
0 0.837646 0.239746 0.018066 0.008789
0 0.644043 0.113525 0.015625 0.013184
0 0.744141 0.033203 0.010742 0.016602
0 0.476562 0.022217 0.009766 0.018066
0 0.537354 0.009277 0.014160 0.011719