0 0.386963 0.074463 0.009277 0.017090
0 0.344238 0.103027 0.017578 0.009766
0 0.377930 0.119873 0.006836 0.016113
0 0.026611 0.141602 0.015137 0.005859
0 0.275879 0.180664 0.007812 0.019531
0 0.289307 0.208008 0.016113 0.005859
0 0.275635 0.223145 0.008301 0.017578
0 0.138428 0.264648 0.015137 0.010742
0 0.084961 0.274414 0.016602 0.012695
0 0.057373 0.239502 0.018066 0.007324
0 0.126221 0.367676 0.016113 0.008789
0 0.215088 0.408691 0.014160 0.009766
0 0.319824 0.326660 0.014648 0.012695
0 0.312256 0.354004 0.008301 0.015625
0 0.281982 0.356934 0.017090 0.008789
0 0.250000 0.341797 0.008789 0.017578
0 0.238037 0.357910 0.011230 0.015625
0 0.372070 0.219238 0.009766 0.015625
0 0.378662 0.165771 0.009277 0.016113
0 0.402100 0.152344 0.008301 0.018555
0 0.074951 0.329102 0.012207 0.016602
0 0.017090 0.344238 0.011719 0.015625
0 0.009033 0.301025 0.017090 0.007324
0 0.465332 0.132812 0.017578 0.009766
0 0.476807 0.114746 0.006348 0.015625
0 0.470947 0.098145 0.015137 0.008789
0 0.523193 0.045166 0.016113 0.008301
0 0.587891 0.118408 0.013672 0.015137
0 0.423584 0.281250 0.016113 0.007812
0 0.506836 0.216064 0.012695 0.017090
0 0.558838 0.179199 0.006348 0.016602
0 0.586426 0.163330 0.016602 0.006348
0 0.610352 0.167725 0.009766 0.017090
0 0.648438 0.181152 0.011719 0.016602
0 0.741211 0.135498 0.012695 0.014160
0 0.759521 0.072998 0.011230 0.014160
0 0.761475 0.106445 0.017090 0.007812
0 0.784668 0.130127 0.006836 0.015137
0 0.777588 0.116455 0.014160 0.008301
0 0.837646 0.141357 0.015137 0.012207
0 0.851562 0.190430 0.014648 0.008789
0 0.061523 0.466553 0.014648 0.008301
0 0.088135 0.478027 0.008301 0.012695
0 0.178223 0.465088 0.017578 0.007324
0 0.165283 0.486572 0.012207 0.013184
0 0.133301 0.654785 0.006836 0.016602
0 0.144043 0.667969 0.007812 0.017578
0 0.079346 0.781738 0.015137 0.009766
0 0.044189 0.763184 0.014160 0.006836
0 0.244141 0.579102 0.013672 0.014648
0 0.008545 0.895264 0.013184 0.014160
0 0.124268 0.932373 0.015137 0.009277
0 0.144531 0.867432 0.007812 0.017090
0 0.184570 0.870361 0.008789 0.015137
0 0.197510 0.814941 0.014160 0.011719
0 0.213135 0.809326 0.016113 0.007324
0 0.271729 0.823730 0.007324 0.014648
0 0.312988 0.833984 0.008789 0.013672
0 0.284668 0.729736 0.015625 0.010254
0 0.215088 0.714355 0.013184 0.006836
0 0.310791 0.703857 0.017090 0.006348
0 0.332031 0.656494 0.007812 0.019043
0 0.282959 0.600098 0.014160 0.011719
0 0.344482 0.562744 0.007324 0.018066
0 0.371338 0.524902 0.017090 0.008789
0 0.240723 0.523438 0.008789 0.018555
0 0.273926 0.522217 0.017578 0.009277
0 0.208496 0.954346 0.016602 0.007324
0 0.225342 0.933838 0.016113 0.008301
0 0.364990 0.905029 0.008301 0.017090
0 0.364990 0.956299 0.014160 0.008301
0 0.426270 0.961182 0.011719 0.013184
0 0.481445 0.947266 0.008789 0.014648
0 0.540039 0.891602 0.017578 0.008789
0 0.534424 0.833008 0.013184 0.012695
0 0.453369 0.830322 0.016113 0.007324
0 0.362061 0.831299 0.018066 0.007324
0 0.358643 0.819824 0.013184 0.011719
0 0.441895 0.716309 0.006836 0.017578
0 0.437012 0.694580 0.014648 0.013184
0 0.419922 0.684570 0.011719 0.013672
0 0.469727 0.683105 0.015625 0.009766
0 0.489258 0.737061 0.018555 0.007324
0 0.480225 0.753418 0.007324 0.015625
0 0.467041 0.790039 0.006348 0.014648
0 0.539307 0.760254 0.008301 0.014648
0 0.587646 0.829102 0.011230 0.015625
0 0.654297 0.921875 0.007812 0.016602
0 0.680908 0.911865 0.011230 0.014160
0 0.718750 0.926758 0.016602 0.006836
0 0.669434 0.853271 0.011719 0.021973
0 0.648682 0.818604 0.009277 0.019043
0 0.604248 0.774902 0.012207 0.012695
0 0.595215 0.753418 0.013672 0.013672
0 0.636230 0.763916 0.011719 0.010254
0 0.581299 0.687256 0.007324 0.018066
0 0.523926 0.682617 0.015625 0.007812
0 0.431885 0.572510 0.018066 0.006348
0 0.467773 0.571777 0.015625 0.007812
0 0.453125 0.544189 0.011719 0.014160
0 0.373779 0.638184 0.007324 0.018555
0 0.362793 0.611572 0.009766 0.015137
0 0.341064 0.607422 0.010254 0.015625
0 0.326660 0.626709 0.017578 0.006348
0 0.452393 0.612061 0.010254 0.019043
0 0.539795 0.592773 0.011230 0.016602
0 0.592041 0.602539 0.009277 0.017578
0 0.606201 0.623535 0.008301 0.013672
0 0.585449 0.656494 0.016602 0.007324
0 0.512695 0.661621 0.013672 0.011719
0 0.487061 0.637207 0.010254 0.017578
0 0.634277 0.694092 0.007812 0.016113
0 0.695068 0.678711 0.010254 0.014648
0 0.727295 0.694092 0.018066 0.007324
0 0.733643 0.705811 0.011230 0.015137
0 0.815430 0.691406 0.014648 0.009766
0 0.767090 0.682861 0.007812 0.018066
0 0.754639 0.656494 0.012207 0.013184
0 0.768311 0.639893 0.015137 0.009277
0 0.660156 0.591553 0.018555 0.007324
0 0.687256 0.598877 0.017090 0.011230
0 0.707275 0.594482 0.012207 0.015137
0 0.583984 0.978516 0.006836 0.016602
0 0.876465 0.967041 0.017578 0.006348
0 0.889160 0.907471 0.010742 0.014160
0 0.781494 0.832275 0.015137 0.010254
0 0.710449 0.757568 0.014648 0.008301
0 0.879395 0.816895 0.014648 0.006836
0 0.831299 0.800049 0.013184 0.010254
0 0.821533 0.757324 0.012207 0.015625
0 0.880371 0.758057 0.008789 0.016113
0 0.910889 0.814941 0.011230 0.012695
0 0.926758 0.740723 0.012695 0.012695
0 0.911133 0.671875 0.012695 0.013672
0 0.929932 0.663818 0.013184 0.012207
0 0.903076 0.643555 0.014160 0.008789
0 0.826660 0.671875 0.013672 0.011719
0 0.726562 0.610352 0.016602 0.010742
0 0.537842 0.615479 0.014160 0.014160
0 0.353271 0.489502 0.007324 0.018066
0 0.394287 0.483154 0.006348 0.016113
0 0.389404 0.510254 0.013184 0.012695
0 0.427490 0.499512 0.010254 0.014648
0 0.434814 0.457275 0.011230 0.018066
0 0.424561 0.372070 0.009277 0.016602
0 0.588135 0.483154 0.009277 0.017090
0 0.694336 0.552979 0.006836 0.016113
0 0.663330 0.545654 0.015137 0.008301
0 0.740967 0.554688 0.016113 0.006836
0 0.761963 0.524170 0.009277 0.015137
0 0.790771 0.526855 0.016113 0.010742
0 0.798828 0.514160 0.006836 0.017578
0 0.787354 0.479248 0.006348 0.017090
0 0.571289 0.395752 0.013672 0.014160
0 0.607910 0.439453 0.016602 0.008789
0 0.656738 0.413574 0.006836 0.015625
0 0.615234 0.417969 0.013672 0.012695
0 0.647461 0.395508 0.006836 0.019531
0 0.664795 0.394531 0.011230 0.014648
0 0.711670 0.404785 0.015137 0.008789
0 0.716064 0.429932 0.016113 0.009277
0 0.751709 0.443115 0.008301 0.018066
0 0.765381 0.427979 0.018066 0.009277
0 0.754639 0.416748 0.018066 0.007324
0 0.795898 0.418213 0.014648 0.010254
0 0.850586 0.433105 0.013672 0.011719
0 0.840088 0.417725 0.010254 0.017090
0 0.873779 0.413574 0.013184 0.012695
0 0.888428 0.605713 0.007324 0.016113
0 0.959961 0.585449 0.010742 0.013672
0 0.956055 0.623291 0.007812 0.015137
0 0.971924 0.568359 0.007324 0.017578
0 0.973389 0.537842 0.008301 0.015137
0 0.923828 0.509033 0.011719 0.015137
0 0.639648 0.322998 0.013672 0.016113
0 0.621094 0.324463 0.011719 0.015137
0 0.551270 0.257080 0.016602 0.009277
0 0.573975 0.270752 0.017090 0.008301
0 0.615234 0.238281 0.020508 0.006836
0 0.637207 0.242432 0.014648 0.011230
0 0.635498 0.225342 0.010254 0.016113
0 0.837402 0.273438 0.015625 0.008789
0 0.890625 0.344238 0.016602 0.009766
0 0.834961 0.365234 0.012695 0.007812
0 0.686523 0.351562 0.015625 0.008789
0 0.670166 0.233887 0.013184 0.014648
0 0.665771 0.248291 0.013184 0.010254
0 0.679199 0.295410 0.009766 0.013672
0 0.684570 0.280029 0.005859 0.015137
0 0.763184 0.238525 0.016602 0.010254
0 0.979736 0.310547 0.012207 0.008789
0 0.919189 0.311523 0.012207 0.011719
0 0.948730 0.267578 0.022461 0.013672
0 0.830811 0.240234 0.017090 0.008789
0 0.830566 0.227783 0.013672 0.016113
0 0.721191 0.196045 0.010742 0.016113
0 0.739014 0.180908 0.011230 0.015137
0 0.993408 0.410156 0.008301 0.016602
0 0.979980 0.207520 0.015625 0.008789
0 0.958740 0.203613 0.015137 0.012695
0 0.222412 0.125732 0.018066 0.008301
0 0.159912 0.161377 0.006348 0.017090
0 0.529541 0.150635 0.008301 0.017090
0 0.283447 0.192383 0.014160 0.012695
0 0.301758 0.260498 0.008789 0.018066
0 0.434570 0.127686 0.016602 0.009277
0 0.585938 0.231201 0.016602 0.007324
0 0.491943 0.282227 0.014160 0.012695
0 0.434326 0.271729 0.007324 0.017090
0 0.537109 0.267822 0.019531 0.008301
0 0.300537 0.406982 0.017090 0.007324
0 0.415771 0.402344 0.020020 0.006836
0 0.448486 0.388184 0.017090 0.011719
0 0.602539 0.402832 0.015625 0.011719
0 0.165039 0.552002 0.015625 0.010254
0 0.054199 0.573975 0.009766 0.015137
0 0.066162 0.516357 0.018066 0.009277
0 0.632324 0.454346 0.012695 0.012207
0 0.639893 0.446289 0.015137 0.011719
0 0.096924 0.587402 0.014160 0.012695
0 0.302002 0.571289 0.007324 0.017578
0 0.289551 0.624023 0.010742 0.014648
0 0.389893 0.601074 0.017090 0.006836
0 0.638184 0.597656 0.009766 0.015625
0 0.620117 0.710449 0.009766 0.018555
0 0.525879 0.646729 0.015625 0.010254
0 0.495117 0.657227 0.010742 0.018555
0 0.376465 0.761475 0.016602 0.009277
0 0.434082 0.803955 0.015625 0.008301
0 0.421631 0.738770 0.016113 0.010742
0 0.505615 0.734375 0.010254 0.013672
0 0.043457 0.874023 0.017578 0.007812
0 0.473633 0.766602 0.007812 0.015625
0 0.508057 0.765137 0.011230 0.011719
0 0.644287 0.734375 0.011230 0.010742
0 0.551025 0.838867 0.016113 0.007812
0 0.205811 0.989258 0.011230 0.013672
0 0.389893 0.913330 0.005371 0.013184
0 0.950439 0.847656 0.017090 0.006836
0 0.954590 0.837646 0.006836 0.017090
0 0.975098 0.796631 0.019531 0.005371
0 0.967285 0.782471 0.012695 0.012207
0 0.988525 0.764404 0.008301 0.019043
0 0.991699 0.708984 0.011719 0.015625
0 0.982910 0.701904 0.007812 0.015137
0 0.982178 0.686768 0.017090 0.007324
0 0.703613 0.608643 0.012695 0.012207
0 0.882812 0.566650 0.016602 0.010254
0 0.651611 0.553223 0.012207 0.012695
0 0.684326 0.511475 0.016113 0.006348
0 0.826172 0.470703 0.012695 0.014648
0 0.821289 0.501221 0.017578 0.007324
0 0.946777 0.451904 0.017578 0.008301
0 0.944336 0.415283 0.006836 0.018066
0 0.983398 0.383789 0.017578 0.007812
0 0.925293 0.295898 0.010742 0.015625
0 0.667969 0.275879 0.012695 0.013672
0 0.457031 0.664062 0.016602 0.007812
0 0.481445 0.655273 0.009766 0.014648
0 0.368408 0.561768 0.013184 0.013184
0 0.770752 0.343994 0.010254 0.015137
0 0.855957 0.213379 0.009766 0.015625
0 0.898682 0.094727 0.011230 0.013672
0 0.841064 0.030029 0.015137 0.010254
0 0.548096 0.442383 0.012207 0.011719