0 0.146973 0.021973 0.015625 0.010742
0 0.167480 0.136475 0.013672 0.008301
0 0.082275 0.195557 0.011230 0.015137
0 0.125000 0.205078 0.010742 0.013672
0 0.225098 0.237793 0.017578 0.008789
0 0.312500 0.155762 0.007812 0.015625
0 0.396729 0.119873 0.015137 0.008301
0 0.436523 0.018555 0.012695 0.014648
0 0.456543 0.108398 0.016602 0.009766
0 0.502930 0.097900 0.010742 0.012207
0 0.444092 0.166748 0.007324 0.017090
0 0.429443 0.177979 0.007324 0.019043
0 0.427246 0.223145 0.014648 0.011719
0 0.241455 0.276123 0.009277 0.015137
0 0.308350 0.301025 0.015137 0.012207
0 0.127686 0.309082 0.019043 0.007812
0 0.080078 0.305908 0.016602 0.008301
0 0.088379 0.329590 0.012695 0.013672
0 0.100586 0.357422 0.012695 0.013672
0 0.155029 0.372559 0.008301 0.016602
0 0.246582 0.338135 0.017578 0.009277
0 0.257568 0.353271 0.011230 0.014160
0 0.403320 0.343750 0.006836 0.016602
0 0.403809 0.370117 0.007812 0.017578
0 0.419189 0.353760 0.015137 0.012207
0 0.448242 0.396484 0.016602 0.008789
0 0.214600 0.461914 0.010254 0.011719
0 0.203857 0.514160 0.018066 0.007812
0 0.056641 0.475830 0.015625 0.007324
0 0.083740 0.487305 0.009277 0.014648
0 0.052979 0.578369 0.008301 0.015137
0 0.120117 0.591064 0.013672 0.012207
0 0.035156 0.607178 0.017578 0.006348
0 0.125000 0.646240 0.015625 0.010254
0 0.040771 0.616455 0.014160 0.010254
0 0.063477 0.685791 0.014648 0.012207
0 0.090820 0.716553 0.018555 0.007324
0 0.011475 0.709961 0.013184 0.010742
0 0.115967 0.751709 0.008301 0.017090
0 0.128662 0.754395 0.013184 0.010742
0 0.169189 0.765137 0.012207 0.013672
0 0.210938 0.561768 0.015625 0.011230
0 0.278320 0.626953 0.007812 0.015625
0 0.288330 0.661865 0.016113 0.007324
0 0.291016 0.682129 0.012695 0.013672
0 0.300537 0.543701 0.017090 0.008301
0 0.304932 0.574463 0.015137 0.009277
0 0.338135 0.470215 0.017090 0.007812
0 0.367188 0.474609 0.017578 0.007812
0 0.353760 0.722412 0.008301 0.017090
0 0.314453 0.813721 0.016602 0.007324
0 0.137207 0.796387 0.011719 0.012695
0 0.118164 0.825439 0.006836 0.018066
0 0.034180 0.874756 0.016602 0.017090
0 0.013916 0.893799 0.011230 0.016113
0 0.069824 0.873047 0.012695 0.018555
0 0.071045 0.910156 0.008301 0.016602
0 0.105225 0.921387 0.008301 0.016602
0 0.161133 0.903076 0.016602 0.010254
0 0.182861 0.911621 0.015137 0.009766
0 0.182373 0.947754 0.015137 0.007812
0 0.199707 0.880859 0.015625 0.009766
0 0.354736 0.956299 0.018066 0.007324
0 0.340088 0.974854 0.014160 0.014160
0 0.362061 0.989014 0.011230 0.015137
0 0.406982 0.933105 0.015137 0.007812
0 0.481445 0.971191 0.013672 0.008789
0 0.544434 0.936279 0.014648 0.007324
0 0.594238 0.930908 0.010742 0.015137
0 0.635010 0.912598 0.007324 0.017578
0 0.566895 0.989746 0.014648 0.010742
0 0.712891 0.954834 0.015625 0.008301
0 0.719971 0.883789 0.013184 0.010742
0 0.618408 0.864258 0.009277 0.017578
0 0.534424 0.830811 0.017090 0.008301
0 0.446289 0.841797 0.016602 0.008789
0 0.481689 0.814697 0.010254 0.015137
0 0.493652 0.790283 0.006836 0.017090
0 0.504395 0.754150 0.016602 0.008301
0 0.385986 0.820312 0.018066 0.008789
0 0.425537 0.734375 0.017090 0.007812
0 0.486328 0.718262 0.007812 0.016602
0 0.588135 0.732422 0.017090 0.007812
0 0.590820 0.744873 0.015625 0.007324
0 0.629883 0.735107 0.008789 0.016113
0 0.651123 0.745850 0.011230 0.012207
0 0.645996 0.779541 0.018555 0.008301
0 0.614014 0.785156 0.010254 0.018555
0 0.604980 0.812744 0.013672 0.012207
0 0.443359 0.531006 0.014648 0.011230
0 0.411133 0.547363 0.012695 0.008789
0 0.406250 0.598145 0.011719 0.010742
0 0.449707 0.602051 0.011719 0.016602
0 0.472412 0.608398 0.015137 0.007812
0 0.499512 0.613525 0.011719 0.013184
0 0.510010 0.586426 0.011230 0.014648
0 0.537354 0.600342 0.012207 0.011230
0 0.519043 0.622803 0.018555 0.007324
0 0.572510 0.641113 0.010254 0.013672
0 0.574219 0.662842 0.013672 0.014160
0 0.096924 0.973145 0.011230 0.014648
0 0.797119 0.889404 0.009277 0.016113
0 0.822510 0.888184 0.014160 0.012695
0 0.845215 0.917236 0.013672 0.013184
0 0.888916 0.862061 0.012207 0.016113
0 0.821777 0.831543 0.013672 0.012695
0 0.814209 0.774902 0.008301 0.015625
0 0.778809 0.752197 0.012695 0.014160
0 0.816406 0.733154 0.018555 0.007324
0 0.831543 0.750000 0.015625 0.013672
0 0.911621 0.804199 0.011719 0.014648
0 0.961670 0.805176 0.015137 0.010742
0 0.703857 0.729492 0.009277 0.014648
0 0.678223 0.735840 0.015625 0.008789
0 0.723145 0.716064 0.008789 0.017090
0 0.765137 0.717285 0.014648 0.013672
0 0.865723 0.727051 0.008789 0.015625
0 0.989014 0.700195 0.013184 0.009766
0 0.940430 0.657715 0.007812 0.018555
0 0.970459 0.635742 0.012207 0.013672
0 0.921143 0.666260 0.007324 0.018066
0 0.847168 0.669922 0.006836 0.017578
0 0.870117 0.673096 0.008789 0.018066
0 0.709473 0.672363 0.015625 0.007812
0 0.723145 0.650391 0.017578 0.011719
0 0.738525 0.628662 0.017090 0.009277
0 0.757080 0.621094 0.012207 0.011719
0 0.687500 0.654541 0.016602 0.010254
0 0.669434 0.655518 0.012695 0.013184
0 0.590088 0.692871 0.012207 0.015625
0 0.617676 0.622803 0.006836 0.017090
0 0.639404 0.636719 0.008301 0.017578
0 0.653809 0.624268 0.013672 0.015137
0 0.691895 0.613525 0.016602 0.015137
0 0.708740 0.609619 0.009277 0.017090
0 0.653320 0.580322 0.013672 0.009277
0 0.616943 0.570557 0.017090 0.009277
0 0.781738 0.596436 0.012695 0.009277
0 0.809082 0.539307 0.006836 0.013184
0 0.842285 0.589111 0.014648 0.010254
0 0.870850 0.612061 0.014160 0.014160
0 0.906982 0.545898 0.012207 0.015625
0 0.507324 0.546875 0.012695 0.014648
0 0.502686 0.528076 0.009277 0.016113
0 0.535889 0.525879 0.008301 0.014648
0 0.526855 0.553467 0.008789 0.016113
0 0.607666 0.516602 0.015137 0.011719
0 0.522461 0.460205 0.006836 0.014160
0 0.557861 0.455566 0.008301 0.017578
0 0.588867 0.468506 0.012695 0.014160
0 0.601074 0.468750 0.006836 0.016602
0 0.730469 0.467041 0.016602 0.012207
0 0.698486 0.475098 0.010254 0.015625
0 0.779297 0.468018 0.009766 0.015137
0 0.845703 0.521729 0.011719 0.015137
0 0.819336 0.509277 0.009766 0.014648
0 0.914307 0.414062 0.010254 0.016602
0 0.948242 0.451416 0.012695 0.014160
0 0.959473 0.506104 0.016602 0.006348
0 0.937012 0.520752 0.010742 0.015137
0 0.990723 0.485840 0.008789 0.016602
0 0.964600 0.401123 0.016113 0.009277
0 0.934326 0.392822 0.008301 0.015137
0 0.855957 0.402832 0.016602 0.007812
0 0.819092 0.393799 0.012207 0.008301
0 0.820557 0.419189 0.010254 0.017090
0 0.803955 0.430176 0.011230 0.010742
0 0.771973 0.444336 0.018555 0.007812
0 0.744629 0.444824 0.008789 0.016602
0 0.719482 0.436768 0.017090 0.008301
0 0.611084 0.383057 0.012207 0.015137
0 0.516846 0.305908 0.017090 0.007324
0 0.436768 0.258545 0.012207 0.015137
0 0.578125 0.279297 0.015625 0.007812
0 0.593994 0.292969 0.008301 0.017578
0 0.618896 0.287598 0.014160 0.013672
0 0.717285 0.301758 0.012695 0.012695
0 0.751221 0.291504 0.016113 0.009766
0 0.817139 0.332520 0.017090 0.010742
0 0.771973 0.354736 0.007812 0.017090
0 0.787842 0.379883 0.016113 0.009766
0 0.766846 0.395264 0.016113 0.009277
0 0.990234 0.397705 0.008789 0.017090
0 0.985107 0.363525 0.017090 0.006348
0 0.961426 0.268799 0.016602 0.009277
0 0.821289 0.309326 0.012695 0.013184
0 0.817383 0.293457 0.013672 0.010742
0 0.852539 0.267334 0.016602 0.007324
0 0.830811 0.268799 0.012207 0.012207
0 0.803223 0.265137 0.015625 0.007812
0 0.796143 0.245117 0.015137 0.008789
0 0.851318 0.238525 0.017090 0.008301
0 0.795898 0.235596 0.016602 0.008301
0 0.800049 0.226562 0.018066 0.006836
0 0.795166 0.210449 0.008301 0.019531
0 0.709473 0.272461 0.016602 0.007812
0 0.686523 0.264648 0.017578 0.008789
0 0.699951 0.236572 0.017090 0.008301
0 0.634521 0.191650 0.010254 0.014160
0 0.508789 0.186279 0.013672 0.009277
0 0.532471 0.162598 0.011230 0.016602
0 0.581787 0.138672 0.012207 0.013672
0 0.653809 0.101074 0.016602 0.008789
0 0.723633 0.160645 0.007812 0.015625
0 0.781250 0.169678 0.009766 0.016113
0 0.758789 0.168213 0.010742 0.015137
0 0.740479 0.132568 0.010254 0.016113
0 0.681152 0.172119 0.010742 0.014160
0 0.837646 0.159668 0.008301 0.015625
0 0.863770 0.169434 0.018555 0.007812
0 0.876465 0.156494 0.008789 0.015137
0 0.929199 0.143555 0.013672 0.010742
0 0.962402 0.193115 0.011719 0.012207
0 0.978516 0.207275 0.006836 0.017090
0 0.966797 0.233154 0.015625 0.010254
0 0.878662 0.227051 0.009277 0.016602
0 0.897217 0.253662 0.008301 0.015137
0 0.892090 0.106934 0.015625 0.007812
0 0.883301 0.095215 0.011719 0.013672
0 0.693848 0.075439 0.016602 0.007324
0 0.703369 0.046631 0.018066 0.008301
0 0.960938 0.032471 0.015625 0.007324
0 0.523682 0.084229 0.006348 0.016113
0 0.534180 0.089600 0.006836 0.019043
0 0.526123 0.034180 0.014160 0.007812
0 0.575684 0.397705 0.008789 0.021973
0 0.456055 0.256104 0.011719 0.015137
0 0.604980 0.118408 0.013672 0.011230
0 0.617676 0.135254 0.014648 0.010742
0 0.071289 0.293213 0.008789 0.015137
0 0.472900 0.361328 0.015137 0.009766
0 0.245850 0.485596 0.016113 0.007324
0 0.070068 0.610596 0.014160 0.014160
0 0.243164 0.570801 0.011719 0.012695
0 0.464111 0.563965 0.006348 0.017578
0 0.457031 0.567871 0.007812 0.017578
0 0.517822 0.592285 0.012207 0.012695
0 0.440918 0.596924 0.018555 0.008301
0 0.290771 0.886719 0.015137 0.007812
0 0.332031 0.861328 0.006836 0.015625
0 0.224121 0.991211 0.009766 0.016602
0 0.530029 0.932617 0.008301 0.015625
0 0.290283 0.932617 0.015137 0.010742
0 0.693604 0.826172 0.009277 0.016602
0 0.577393 0.822021 0.015137 0.007324
0 0.654297 0.756104 0.017578 0.007324
0 0.718750 0.698730 0.015625 0.010742
0 0.604736 0.658936 0.014160 0.013184
0 0.627441 0.644775 0.006836 0.017090
0 0.663086 0.638672 0.016602 0.006836
0 0.848145 0.685791 0.011719 0.012207
0 0.848389 0.571045 0.007324 0.016113
0 0.597900 0.399902 0.016113 0.009766
0 0.580566 0.401367 0.016602 0.010742
0 0.718750 0.246338 0.012695 0.013184
0 0.835449 0.313721 0.011719 0.013184
0 0.830078 0.177246 0.018555 0.006836
0 0.710938 0.028320 0.008789 0.016602