0 0.110840 0.024170 0.014648 0.012207
0 0.130371 0.138184 0.015625 0.009766
0 0.044922 0.196533 0.011719 0.015137
0 0.088135 0.206055 0.011230 0.015625
0 0.180664 0.237549 0.014648 0.008301
0 0.204834 0.273926 0.013184 0.011719
0 0.265137 0.286865 0.009766 0.017090
0 0.096191 0.306152 0.017578 0.009766
0 0.043945 0.310303 0.014648 0.009277
0 0.037842 0.285889 0.007324 0.018066
0 0.062744 0.358154 0.014160 0.014160
0 0.121338 0.366943 0.015137 0.011230
0 0.202393 0.337891 0.017090 0.009766
0 0.224609 0.351318 0.013672 0.009277
0 0.014404 0.476562 0.018066 0.007812
0 0.052490 0.493408 0.013184 0.011230
0 0.175781 0.462402 0.014648 0.015625
0 0.169434 0.513428 0.016602 0.007324
0 0.207275 0.575928 0.015137 0.019043
0 0.170898 0.567139 0.012695 0.013184
0 0.082520 0.596436 0.008789 0.017090
0 0.014893 0.575195 0.008301 0.014648
0 0.007324 0.614502 0.011719 0.012207
0 0.093750 0.647217 0.017578 0.009277
0 0.238525 0.636719 0.007324 0.017578
0 0.249756 0.659180 0.014160 0.009766
0 0.256348 0.677246 0.007812 0.016602
0 0.021484 0.688721 0.019531 0.011230
0 0.059814 0.716797 0.017090 0.007812
0 0.080322 0.755859 0.008301 0.016602
0 0.091309 0.754150 0.011719 0.009277
0 0.134033 0.764404 0.013184 0.008301
0 0.101074 0.796875 0.008789 0.014648
0 0.318848 0.716553 0.010742 0.013184
0 0.080322 0.834717 0.008301 0.016113
0 0.035156 0.911377 0.006836 0.015137
0 0.063965 0.920898 0.013672 0.012695
0 0.124023 0.901611 0.015625 0.008301
0 0.156982 0.879883 0.016113 0.006836
0 0.135742 0.952637 0.014648 0.009766
0 0.057861 0.973877 0.012207 0.013184
0 0.257080 0.887451 0.014160 0.007324
0 0.250000 0.932129 0.014648 0.010742
0 0.303711 0.977539 0.013672 0.013672
0 0.318604 0.955811 0.017090 0.008301
0 0.294434 0.864990 0.007812 0.018066
0 0.361328 0.933105 0.015625 0.007812
0 0.454102 0.967041 0.013672 0.009277
0 0.489014 0.930176 0.011230 0.011719
0 0.505371 0.928711 0.010742 0.014648
0 0.550293 0.939209 0.012695 0.014160
0 0.599609 0.920654 0.009766 0.016113
0 0.684326 0.961426 0.011230 0.012695
0 0.759033 0.898438 0.007324 0.016602
0 0.787842 0.890625 0.014160 0.012695
0 0.812988 0.920410 0.015625 0.008789
0 0.854736 0.868164 0.009277 0.014648
0 0.388428 0.733398 0.017090 0.009766
0 0.446289 0.712646 0.008789 0.016113
0 0.368896 0.545410 0.013184 0.012695
0 0.267090 0.547119 0.016602 0.007324
0 0.670898 0.888672 0.015625 0.010742
0 0.491211 0.832764 0.015625 0.007324
0 0.438477 0.820068 0.010742 0.015137
0 0.402344 0.841064 0.012695 0.007324
0 0.346191 0.817139 0.015625 0.011230
0 0.286377 0.810791 0.016113 0.007324
0 0.545654 0.827148 0.013184 0.009766
0 0.580566 0.869873 0.007812 0.016113
0 0.656494 0.827637 0.009277 0.017578
0 0.782959 0.837646 0.009277 0.016113
0 0.879639 0.813477 0.011230 0.013672
0 0.930176 0.806152 0.016602 0.008789
0 0.770508 0.787354 0.012695 0.014160
0 0.728760 0.777588 0.017090 0.008301
0 0.683838 0.806885 0.014160 0.013184
0 0.613770 0.777344 0.015625 0.012695
0 0.570068 0.810303 0.011230 0.013184
0 0.455566 0.797363 0.006836 0.017578
0 0.475830 0.753662 0.018066 0.007324
0 0.558105 0.739258 0.011719 0.014648
0 0.612549 0.741699 0.009277 0.016602
0 0.619629 0.757080 0.015625 0.009277
0 0.662109 0.736328 0.011719 0.013672
0 0.536133 0.655518 0.008789 0.017090
0 0.467773 0.624023 0.017578 0.007812
0 0.454346 0.617920 0.013184 0.010254
0 0.427246 0.612061 0.015625 0.007324
0 0.412842 0.597900 0.007324 0.016113
0 0.400391 0.598389 0.017578 0.008301
0 0.295410 0.472168 0.015625 0.007812
0 0.319580 0.471436 0.019043 0.008301
0 0.480469 0.470459 0.009766 0.016113
0 0.498291 0.520264 0.006348 0.016113
0 0.473633 0.540527 0.014648 0.011719
0 0.460938 0.537109 0.007812 0.014648
0 0.573486 0.571777 0.017090 0.007812
0 0.424805 0.565430 0.008789 0.013672
0 0.573486 0.521484 0.011230 0.014648
0 0.514404 0.464111 0.010254 0.016113
0 0.559326 0.465820 0.011230 0.015625
0 0.662354 0.474854 0.012207 0.018066
0 0.695068 0.468994 0.016113 0.012207
0 0.742188 0.466064 0.009766 0.016113
0 0.274658 0.157227 0.007324 0.016602
0 0.363037 0.365723 0.007324 0.014648
0 0.341064 0.413086 0.008301 0.011719
0 0.410156 0.405273 0.015625 0.009766
0 0.384766 0.356934 0.016602 0.006836
0 0.365234 0.345459 0.009766 0.014160
0 0.463379 0.311768 0.019531 0.007324
0 0.399170 0.252441 0.009277 0.015625
0 0.390869 0.218750 0.011230 0.015625
0 0.391113 0.178955 0.007812 0.017090
0 0.353027 0.120117 0.015625 0.007812
0 0.415527 0.111084 0.014648 0.010254
0 0.479248 0.194336 0.013184 0.011719
0 0.594971 0.199219 0.006348 0.015625
0 0.539307 0.279297 0.017090 0.007812
0 0.553467 0.286377 0.009277 0.015137
0 0.583496 0.284668 0.013672 0.012695
0 0.648926 0.234619 0.018555 0.006348
0 0.656738 0.253906 0.011719 0.011719
0 0.652344 0.265625 0.017578 0.008789
0 0.676270 0.273193 0.016602 0.006348
0 0.684082 0.293213 0.011719 0.013184
0 0.721436 0.297607 0.014160 0.010254
0 0.724854 0.346924 0.014160 0.012207
0 0.717529 0.400146 0.015137 0.011230
0 0.675293 0.436279 0.016602 0.007324
0 0.572021 0.385742 0.012207 0.016602
0 0.531982 0.392578 0.007324 0.018555
0 0.429199 0.357422 0.013672 0.013672
0 0.580322 0.623779 0.009277 0.014160
0 0.565674 0.660156 0.012207 0.011719
0 0.649414 0.655273 0.016602 0.010742
0 0.659912 0.677979 0.015137 0.009277
0 0.685791 0.652588 0.015137 0.012207
0 0.669922 0.607666 0.010742 0.016113
0 0.655273 0.614258 0.012695 0.012695
0 0.610596 0.629150 0.012207 0.016113
0 0.628418 0.641357 0.017578 0.012207
0 0.628662 0.657715 0.013184 0.012695
0 0.596191 0.650146 0.015625 0.010254
0 0.718994 0.618164 0.013184 0.011719
0 0.711914 0.631348 0.014648 0.006836
0 0.811523 0.670898 0.008789 0.016602
0 0.688477 0.708984 0.009766 0.015625
0 0.723389 0.729248 0.010254 0.015137
0 0.775146 0.733643 0.018066 0.007324
0 0.804443 0.752197 0.016113 0.008301
0 0.982178 0.735596 0.007324 0.016113
0 0.944580 0.698730 0.015137 0.010742
0 0.835693 0.721191 0.014160 0.010742
0 0.833984 0.681641 0.007812 0.015625
0 0.743652 0.700439 0.010742 0.016113
0 0.901611 0.650391 0.008301 0.016602
0 0.936768 0.645020 0.007324 0.015625
0 0.884033 0.669189 0.006348 0.016113
0 0.796631 0.587891 0.016113 0.008789
0 0.734619 0.604736 0.015137 0.012207
0 0.756348 0.582764 0.007812 0.016113
0 0.774902 0.560791 0.013672 0.011230
0 0.772949 0.541260 0.010742 0.010254
0 0.805908 0.532471 0.010254 0.015137
0 0.874268 0.539795 0.009277 0.017090
0 0.899658 0.521729 0.010254 0.016113
0 0.922119 0.506592 0.016113 0.006348
0 0.974365 0.560791 0.014160 0.010254
0 0.909180 0.454590 0.009766 0.015625
0 0.949463 0.479980 0.008301 0.015625
0 0.980225 0.434570 0.008301 0.017578
0 0.955566 0.408203 0.007812 0.017578
0 0.927246 0.404785 0.015625 0.006836
0 0.782959 0.515381 0.007324 0.016113
0 0.766113 0.424805 0.008789 0.015625
0 0.747314 0.385986 0.013184 0.010254
0 0.772705 0.397217 0.015137 0.009277
0 0.784912 0.415283 0.010254 0.016113
0 0.821289 0.404541 0.016602 0.008301
0 0.874512 0.421143 0.008789 0.017090
0 0.947510 0.363770 0.016113 0.006836
0 0.977539 0.353516 0.013672 0.013672
0 0.930664 0.269531 0.015625 0.007812
0 0.787354 0.338135 0.017090 0.011230
0 0.798828 0.313477 0.007812 0.015625
0 0.790283 0.306152 0.010254 0.013672
0 0.773438 0.297607 0.011719 0.012207
0 0.772949 0.270020 0.015625 0.009766
0 0.802246 0.264160 0.015625 0.011719
0 0.805420 0.240234 0.017090 0.007812
0 0.861572 0.252441 0.009277 0.013672
0 0.835205 0.220947 0.011230 0.015137
0 0.938965 0.215576 0.006836 0.017090
0 0.933594 0.237549 0.017578 0.007324
0 0.982422 0.229004 0.013672 0.010742
0 0.962402 0.152344 0.011719 0.013672
0 0.931152 0.033203 0.014648 0.007812
0 0.850830 0.093018 0.013184 0.011230
0 0.863037 0.106445 0.016113 0.007812
0 0.837891 0.148926 0.007812 0.017578
0 0.904053 0.114258 0.008301 0.012695
0 0.894775 0.142334 0.012207 0.010254
0 0.834473 0.171143 0.016602 0.009277
0 0.802979 0.149658 0.009277 0.016113
0 0.789062 0.180908 0.015625 0.007324
0 0.761475 0.207275 0.012207 0.014160
0 0.737549 0.165527 0.015137 0.009766
0 0.682129 0.166260 0.011719 0.014160
0 0.702148 0.132568 0.009766 0.016113
0 0.610596 0.098877 0.016113 0.008301
0 0.647461 0.073242 0.014648 0.006836
0 0.660889 0.046875 0.017090 0.008789
0 0.506348 0.168457 0.013672 0.011719
0 0.494141 0.164551 0.009766 0.015625
0 0.464844 0.099609 0.008789 0.013672
0 0.486084 0.091553 0.007324 0.015137
0 0.496826 0.086670 0.007324 0.017090
0 0.487793 0.034912 0.014648 0.007324
0 0.393799 0.017334 0.014160 0.014160
0 0.983643 0.185791 0.011230 0.010254
0 0.708984 0.437988 0.010742 0.014648
0 0.406982 0.168701 0.007324 0.015137
0 0.546631 0.134766 0.012207 0.013672
0 0.562988 0.122070 0.016602 0.010742
0 0.582275 0.129639 0.008301 0.017090
0 0.482422 0.596191 0.006836 0.014648
0 0.383057 0.499512 0.009277 0.017578
0 0.031982 0.610596 0.014160 0.012207
0 0.505371 0.598633 0.017578 0.009766
0 0.550781 0.694092 0.013672 0.015137
0 0.681641 0.150391 0.007812 0.018555
0 0.645020 0.163574 0.006836 0.017578
0 0.590088 0.745117 0.008301 0.016602
0 0.557373 0.686279 0.018066 0.007324
0 0.577393 0.651367 0.017090 0.008789
0 0.610596 0.579590 0.012207 0.008789
0 0.674561 0.021240 0.014160 0.015137
0 0.400146 0.528809 0.014160 0.011719
0 0.570068 0.796143 0.010254 0.017090
0 0.739502 0.752441 0.014160 0.012695
0 0.969238 0.814453 0.015625 0.006836
0 0.931152 0.767578 0.007812 0.012695
0 0.817383 0.681152 0.013672 0.011719
0 0.995361 0.886963 0.009277 0.017090
0 0.834717 0.561768 0.011230 0.013184
0 0.791992 0.511230 0.015625 0.006836
0 0.672607 0.696533 0.016113 0.007324
0 0.876221 0.674561 0.008301 0.015137
0 0.941406 0.393311 0.014648 0.010254
0 0.754639 0.234375 0.013184 0.014648
0 0.682373 0.244141 0.013184 0.009766
0 0.925293 0.191406 0.014648 0.011719